2,000052,0,1,19
2,000052,0,0,17
4,000058,0,0,25
4,000058,0,1,25
5,000118,1,7,30
7,000138,1,0,73
7,000138,1,1,73
9,000139,1,1,77
9,000139,1,0,76
10,000153,1,0,5
11,000210,1,7,74
12,000227,1,2,39
14,000234,0,3,38
14,000234,0,0,38
15,000257,0,7,38
16,000308,1,2,31
17,000317,1,7,51
19,000408,0,3,30
19,000408,0,0,30
20,000444,1,2,76
21,000512,1,7,76
22,000512,0,7,37
23,000601,1,2,51
24,000628,1,5,2
25,000652,1,7,51
26,000653,0,0,6
27,000713,0,5,25
28,000727,1,2,50
29,000730,1,2,50
31,000746,1,3,76
31,000746,1,0,75
33,000804,1,7,72
33,000804,1,5,72
34,000808,0,7,52
36,000808,0,0,8
37,000811,0,2,25
37,000811,0,0,8
41,000826,0,0,74
41,000826,0,1,74
41,000826,0,1,21
41,000826,0,0,16
43,000832,1,0,49
43,000832,1,1,49
45,000857,0,1,21
45,000857,0,0,21
46,000859,1,7,51
47,000902,0,7,37
48,000904,0,2,30
49,000946,0,2,37
51,000948,1,0,74
51,000948,1,1,73
53,000949,1,1,74
53,000949,1,0,74
55,000949,1,0,74
55,000949,1,1,73
57,000950,1,0,74
57,000950,1,1,73
59,001003,0,0,49
59,001003,0,5,15
60,001024,0,2,30
62,001040,1,0,74
62,001040,1,1,50
64,001041,1,0,77
64,001041,1,1,76
66,001041,1,0,49
66,001041,1,1,49
68,001042,1,0,139
68,001042,1,1,73
70,001042,0,0,51
70,001042,0,1,51
72,001043,1,0,75
72,001043,1,1,75
74,001044,1,0,73
74,001044,1,1,51
76,001044,1,0,78
76,001044,1,1,77
78,001045,1,0,76
78,001045,1,1,75
79,001122,0,2,51
80,001123,0,5,25
81,001127,1,2,50
82,001155,0,7,30
83,001215,0,2,37
84,001223,0,7,17
85,001231,1,2,75
86,001241,1,0,5
87,001251,1,0,3
88,001256,0,7,30
89,001306,0,7,31
91,001321,1,7,38
92,001322,1,0,5
93,001324,1,0,158
93,001324,1,0,19
94,001348,0,2,38
95,001356,1,7,50
96,001420,0,2,73
98,001421,0,7,145
99,001421,0,2,76
100,001424,1,7,76
100,001424,1,7,2
101,001428,1,2,51
102,001453,1,2,38
103,001527,0,7,30
104,001536,1,2,74
105,001538,1,2,50
106,001613,0,2,49
108,001659,1,5,9
109,001700,1,5,3
109,001700,1,2,1
110,001716,1,2,51
111,001754,0,2,38
112,001754,1,0,37
113,001758,0,7,30
115,001803,1,5,11
115,001803,1,0,6
116,001805,0,7,50
118,001825,1,3,75
118,001825,1,0,75
120,001826,1,0,77
120,001826,1,1,76
122,001832,1,0,78
122,001832,1,1,50
123,001836,1,5,14
124,001845,0,7,38
125,001856,0,7,25
126,001903,0,2,38
129,001913,1,3,158
129,001913,1,0,156
129,001913,1,0,76
130,001918,1,2,74
131,001938,0,2,38
132,002015,1,2,76
133,002019,1,2,78
135,002023,0,1,21
135,002023,0,0,21
137,002024,0,1,19
137,002024,0,0,19
140,002044,0,0,49
140,002044,0,3,48
140,002044,0,1,38
141,002105,1,7,49
145,002111,0,1,146
145,002111,0,0,144
145,002111,0,0,25
145,002111,0,1,21
147,002121,1,0,21
147,002121,1,1,17
149,002131,0,1,21
149,002131,0,0,21
150,002212,0,2,36
151,002222,1,2,76
152,002224,0,2,38
153,002236,0,2,52
155,002256,0,1,22
155,002256,0,0,21
157,002300,0,1,15
157,002300,0,0,15
158,002336,0,7,30
159,002346,0,5,25
161,002349,0,1,16
161,002349,0,0,16
163,002350,0,1,18
163,002350,0,0,18
165,002351,1,1,19
165,002351,1,0,18
167,002352,1,0,16
167,002352,1,1,14
169,002353,0,1,18
169,002353,0,0,18
170,002353,1,7,70
173,002354,0,0,132
175,002354,1,0,19
175,002354,1,1,16
175,002354,1,0,12
175,002354,1,0,1
177,002427,1,3,76
177,002427,1,0,75
178,002445,1,7,49
179,002534,1,7,52
183,002607,1,0,51
183,002607,1,1,51
183,002607,1,0,38
183,002607,1,1,30
185,002618,0,3,36
185,002618,0,0,36
186,002628,1,7,51
187,002651,1,2,51
188,002718,1,7,76
189,002736,0,7,30
190,002738,1,7,31
191,002752,1,7,74
192,002807,1,7,77
193,002814,1,2,49
195,002819,1,0,5
195,002819,1,5,2
196,002826,1,0,3
197,002832,0,5,11
198,002847,0,7,50
199,002849,0,7,25
200,002857,0,7,25
201,002907,0,2,38
202,002947,0,2,30
203,002957,1,7,51
204,003014,1,2,74
205,003017,1,2,51
206,003027,0,2,30
208,003040,1,3,75
208,003040,1,0,74
209,003051,1,2,75
210,003055,1,2,53
211,003210,0,7,50
213,003213,0,3,36
213,003213,0,0,36
215,003213,1,1,19
215,003213,1,0,19
218,003227,1,3,75
218,003227,1,0,49
218,003227,1,0,3
219,003310,1,2,74
220,003315,1,7,75
221,003319,0,2,49
223,003330,1,0,49
223,003330,1,1,49
225,003330,1,0,76
225,003330,1,1,50
227,003433,0,2,160
227,003433,0,7,31
228,003449,0,2,37
230,003519,1,0,2
230,003519,1,0,1
231,003546,1,0,2
232,003553,1,0,14
233,003554,1,0,145
234,003620,1,0,1
237,003633,0,0,73
237,003633,0,3,37
237,003633,1,1,1
239,003639,1,0,74
239,003639,1,1,74
240,003653,1,2,73
241,003718,0,2,31
242,003742,1,2,72
243,003745,1,2,74
244,003747,0,2,75
245,003750,1,5,10
246,003751,1,5,4
248,003810,1,0,49
248,003810,1,3,38
249,003842,1,2,37
251,003846,1,0,139
251,003846,1,1,74
253,003846,0,0,78
253,003846,0,1,78
255,003847,0,0,76
255,003847,0,1,75
256,003904,1,0,2
257,003923,0,0,2
258,003929,0,0,1
259,003935,1,0,1
260,003944,0,0,6
261,003947,1,5,12
262,003950,1,0,22
263,003952,0,7,38
264,003954,1,2,50
265,004026,1,5,37
266,004051,1,2,50
267,004110,1,2,76
268,004121,1,7,25
269,004243,1,7,74
270,004247,1,7,50
271,004252,1,7,49
273,004259,1,0,72
273,004259,1,1,72
274,004312,0,2,51
275,004315,1,2,38
276,004329,0,5,30
277,004352,1,2,75
278,004401,0,2,77
279,004414,0,7,30
280,004414,0,0,38
281,004422,1,0,5
282,004454,0,7,74
283,004501,1,7,51
284,004503,1,2,30
285,004505,1,2,37
287,004507,1,3,49
287,004507,1,0,37
288,004511,1,7,50
289,004513,0,5,30
290,004517,1,2,38
291,004519,1,2,50
292,004538,0,2,38
293,004626,0,2,30
294,004637,1,2,73
296,004657,1,0,73
296,004657,1,1,73
297,004708,1,2,75
298,004711,1,2,75
299,004719,0,2,51
300,004728,1,5,25
301,004758,0,7,25
302,004814,1,2,37
303,004820,0,7,30
305,004857,1,7,50
305,004857,0,0,4
306,004914,1,7,49
307,004932,1,7,49
308,004933,0,0,38
309,004935,1,2,37
310,004938,0,2,72
312,004947,1,0,74
312,004947,1,1,74
313,004950,1,5,12
314,004956,1,2,72
315,005018,0,7,30
316,005028,1,2,75
317,005059,0,5,38
318,005117,1,2,76
320,005134,1,3,51
320,005134,1,0,50
322,005146,1,0,73
322,005146,1,1,72
324,005149,1,3,75
324,005149,1,0,74
325,005153,1,2,49
327,005206,1,5,22
328,005207,1,5,76
329,005207,1,5,7
330,005208,1,5,10
330,005208,1,2,2
331,005232,1,2,73
332,005239,1,2,50
333,005251,0,2,37
334,005255,0,7,38
335,005257,1,2,30
336,005303,0,2,30
337,005309,1,7,48
338,005311,0,2,48
340,005319,1,1,75
340,005319,1,0,75
342,005319,1,0,49
342,005319,1,1,49
344,005320,1,0,74
344,005320,1,1,74
346,005321,1,1,72
346,005321,1,0,72
348,005321,1,0,72
348,005321,1,1,71
352,005322,1,0,154
352,005322,1,1,152
352,005322,1,1,75
352,005322,1,0,74
354,005322,1,0,72
356,005322,1,1,49315
356,005322,0,0,68
356,005322,0,1,67
358,005325,1,1,75
358,005325,1,0,75
359,005325,1,1,132
361,005326,1,0,48
361,005326,1,1,48
363,005327,1,0,163
363,005327,1,1,161
365,005327,1,0,74
365,005327,1,1,73
367,005327,0,0,75
367,005327,0,1,75
368,005421,1,2,74
370,005436,1,0,72
370,005436,1,1,71
372,005436,1,1,73
372,005436,1,0,72
374,005437,1,0,75
374,005437,1,1,75
376,005437,1,0,74
376,005437,1,1,73
378,005437,1,0,73
378,005437,1,1,73
380,005438,1,0,75
380,005438,1,1,74
382,005438,0,0,138
382,005438,0,1,73
384,005439,0,0,75
384,005439,0,1,51
386,005445,1,0,75
386,005445,1,1,75
388,005450,1,1,75
388,005450,1,0,74
390,005450,1,0,148
390,005450,1,1,72
392,005451,0,0,73
392,005451,0,1,73
394,005451,1,0,73
394,005451,1,1,73
396,005451,1,0,73
396,005451,1,1,72
398,005452,1,0,74
398,005452,1,1,73
400,005453,0,0,73
400,005453,0,1,73
402,005453,0,0,75
402,005453,0,1,74
404,005455,1,0,75
404,005455,1,1,74
405,005459,1,2,53
407,005540,0,0,76
407,005540,0,3,50
408,005555,1,2,30
409,005611,0,7,77
410,005614,1,2,51
412,005615,0,0,49
412,005615,0,1,37
413,005629,1,2,78
414,005632,1,2,76
415,005635,1,2,78
416,005641,0,2,36
418,005655,1,0,50
418,005655,1,3,50
419,005728,1,2,136
420,005752,1,2,79
421,005842,0,5,30
423,005850,1,0,77
423,005850,1,3,76
424,005904,0,7,30
426,005905,0,0,30
426,005905,0,0,11
428,005926,0,2,75
428,005926,0,7,30
429,005932,1,2,74
430,005936,1,2,75
432,005941,1,3,49
432,005941,1,0,49
433,010011,1,2,50
434,010027,0,7,30
435,010052,1,7,49
437,010117,0,5,37
438,010117,1,5,6
440,010119,1,5,22
440,010119,1,0,8
440,010119,1,0,1
441,010131,0,2,30
442,010134,1,2,77
443,010147,1,2,75
444,010152,1,7,70
446,010216,0,7,25
446,010216,1,5,1
447,010231,1,2,77
449,010256,0,0,18
449,010256,0,1,17
450,010303,0,2,37
451,010315,0,0,2
453,010325,0,1,24
453,010325,0,0,24
455,010325,0,1,21
455,010325,0,0,21
458,010328,0,0,28
458,010328,0,1,24
460,010328,1,0,36
462,010328,1,1,132
462,010328,1,0,20
462,010328,1,1,20
462,010328,1,0,7
463,010330,1,2,29
465,010333,1,0,29
465,010333,1,1,24
467,010333,1,1,30
467,010333,1,0,29
468,010338,1,2,25
470,010339,0,1,25
470,010339,0,0,25
471,010348,1,7,51
473,010348,0,0,51429
474,010349,1,2,74
476,010351,0,1,30
476,010351,0,0,25
477,010351,0,7,72
477,010351,1,0,2
479,010404,1,0,17
479,010404,1,1,15
480,010411,1,2,51
482,010413,0,0,21
482,010413,0,1,19
483,010417,1,7,79
484,010419,1,2,50
485,010421,1,2,52
487,010425,0,1,13
487,010425,0,0,13
489,010426,0,1,13
489,010426,0,0,13
491,010427,0,0,11
491,010427,0,1,11
495,010429,0,0,136
495,010429,0,1,72
497,010429,0,0,36
497,010429,0,1,30
497,010429,0,1,16
497,010429,0,0,16
501,010430,1,1,73
501,010430,1,0,73
504,010431,1,0,73
504,010431,1,1,72
504,010431,1,1,18
504,010431,1,0,18
508,010433,1,0,69
508,010433,1,1,69
510,010433,0,1,154
510,010433,0,0,153
510,010433,1,0,18
510,010433,1,1,16
512,010434,1,0,12
512,010434,1,1,11
514,010434,1,1,18
514,010434,1,0,18
514,010434,1,1,3
516,010437,1,1,14
516,010437,1,0,14
518,010438,1,1,16
518,010438,1,0,16
519,010445,1,2,21
520,010447,0,2,25
521,010502,0,2,38
524,010513,0,1,134
524,010513,0,0,132
527,010513,0,1,151
527,010513,0,0,149
529,010513,0,0,159
529,010513,0,1,156
529,010513,1,0,21
529,010513,1,1,18
532,010514,0,1,29
533,010514,1,7,74
534,010515,1,0,46
534,010515,1,1,46
536,010515,1,0,36
536,010515,1,1,24
536,010515,1,0,24
537,010544,1,2,73
538,010556,0,2,37
540,010610,1,0,73
540,010610,1,1,72
542,010611,1,0,75
542,010611,1,1,75
543,010617,1,2,38
544,010625,1,2,74
545,010633,1,7,50
546,010634,0,0,21
547,010636,0,2,51
548,010640,1,2,50
549,010703,1,2,50
550,010705,1,2,49
551,010744,0,7,21
553,010800,0,0,72
553,010800,0,3,72
555,010801,0,7,75
555,010801,0,0,38
556,010818,0,7,51
557,010824,1,2,72
558,010841,1,7,75
559,010847,0,2,30
560,010917,1,2,142
561,011000,1,2,76
562,011009,1,2,49
564,011020,1,3,30
564,011020,1,0,30
566,011030,1,0,72
566,011030,1,1,71
568,011031,1,0,131
568,011031,1,1,75
570,011031,1,0,74
570,011031,1,1,74
573,011032,1,1,49655
573,011032,1,0,5723
574,011032,1,0,128
574,011032,1,1,72
576,011032,0,0,74
576,011032,0,1,74
578,011032,0,0,148
578,011032,0,1,147
579,011036,1,2,52
580,011104,1,2,74
581,011106,1,2,48
582,011108,0,2,74
583,011111,1,2,74
584,011118,0,2,30
585,011123,1,2,50
586,011130,1,0,2
587,011149,0,2,30
589,011152,0,3,51
589,011152,0,0,51
590,011155,0,2,38
591,011207,1,2,78
592,011215,1,2,50
593,011217,1,2,52
595,011224,1,0,70
595,011224,1,1,69
597,011224,1,0,142
598,011224,1,1,15190
599,011225,1,1,71
601,011225,1,0,17910
601,011225,0,0,72
601,011225,0,1,72
603,011225,1,0,131
604,011225,0,1,77
604,011225,0,0,76
605,011233,0,7,38
607,011254,0,1,21
607,011254,0,0,21
609,011313,1,0,77
609,011313,1,1,49
611,011313,1,0,75
611,011313,1,1,75
613,011313,0,0,50
613,011313,0,1,49
615,011316,1,0,74
615,011316,1,1,73
616,011317,1,2,49
618,011318,1,0,50
618,011318,1,1,49
620,011319,1,0,77
620,011319,1,1,76
624,011319,0,3,73
624,011319,0,0,72
624,011319,0,0,48
624,011319,0,1,48
626,011320,1,0,49
626,011320,1,1,48
627,011326,1,5,11
629,011328,1,0,76
629,011328,1,1,50
631,011332,0,2,37
631,011332,0,0,2
632,011335,0,2,37
634,011338,1,1,74
634,011338,1,0,74
636,011339,0,0,75
636,011339,0,1,50
637,011340,1,2,51
638,011343,1,5,2
639,011423,0,2,38
641,011442,1,7,75
641,011442,1,0,74
642,011449,0,2,25
643,011453,1,7,78
644,011500,0,7,30
645,011503,1,2,51
646,011517,0,2,30
647,011527,0,2,39
648,011530,0,2,38
649,011551,0,2,37
650,011605,1,2,74
652,011618,1,1,16
652,011618,1,0,16
654,011619,1,0,49
654,011619,1,1,49
655,011625,1,7,37
657,011740,0,1,19
657,011740,0,0,19
659,011802,0,3,73
659,011802,0,0,72
660,011803,0,7,38
662,011829,0,1,16
662,011829,0,0,16
663,011844,1,7,53
664,011910,0,2,49
665,011919,1,2,75
666,012002,1,7,49
667,012009,0,2,38
669,012042,0,3,38
669,012042,0,0,38
670,012044,1,0,6
672,012047,0,3,38
672,012047,0,0,37
674,012049,0,0,25
674,012049,0,1,24
677,012049,0,0,47
677,012049,1,1,24
678,012050,1,0,45570
680,012050,1,0,30
680,012050,1,1,24
680,012050,1,1,24
684,012051,1,0,74
684,012051,1,1,48
684,012051,1,1,37
684,012051,1,0,29
686,012052,1,1,30
686,012052,1,0,30
687,012057,1,2,74
688,012103,1,7,50
689,012120,1,2,51
690,012206,1,2,51
695,012233,0,1,72
695,012233,1,0,48
695,012233,0,1,36
695,012233,1,0,12
695,012233,1,1,11
697,012234,0,1,25
699,012235,0,0,131
699,012235,1,0,14
700,012235,1,1,46753
701,012235,1,0,7
701,012235,1,1,7
702,012239,1,2,29
703,012305,1,7,38
704,012308,1,2,51
706,012309,0,0,37
706,012309,0,3,36
707,012315,1,2,77
709,012321,0,1,21
709,012321,0,0,21
710,012342,0,7,30
711,012345,1,2,25
712,012404,1,2,76
715,012421,0,3,74
715,012421,0,0,74
715,012421,0,0,24
716,012459,0,5,14
717,012517,1,7,37
719,012518,1,3,50
719,012518,1,0,50
721,012524,0,0,17
721,012524,0,1,15
722,012541,0,5,3
723,012625,0,7,38
724,012633,0,2,38
726,012636,0,3,75
726,012636,0,0,75
727,012637,0,2,38
728,012645,0,7,158
729,012702,1,0,1
731,012710,0,3,51
731,012710,0,0,50
734,012723,1,0,73
734,012723,1,1,72
734,012723,1,0,2
735,012731,1,0,1
736,012739,1,0,1
737,012748,1,2,30
739,012754,1,2,73
739,012754,1,0,1
740,012802,1,0,73
742,012803,1,2,47
743,012815,1,2,73
744,012815,1,0,8
744,012815,1,0,3
745,012820,1,2,30
746,012821,1,0,10
747,012822,1,0,4
748,012824,1,0,30
749,012824,1,0,11
750,012825,1,0,12
752,012826,1,2,9
754,012827,1,0,75
754,012827,1,1,72
755,012827,0,0,25
756,012828,0,0,31
757,012828,0,0,74
758,012828,1,0,2
759,012834,1,2,49
760,012844,1,2,73
760,012844,1,0,1
