1,000052,0,2,15
2,000058,0,2,18
3,000104,0,2,18
4,000106,0,2,37
5,000109,0,5,36
6,000111,0,2,36
8,000117,0,2,66
8,000117,0,5,10
9,000120,0,2,37
11,000121,0,7,72
11,000121,0,5,18
12,000122,0,2,65
13,000126,0,2,73
14,000128,0,2,74
15,000128,0,2,40
16,000130,0,2,70
17,000133,0,2,64
18,000135,0,2,11
19,000137,0,2,37
20,000141,0,2,71
21,000141,0,2,37
23,000145,0,2,70
24,000147,0,2,12
24,000147,0,1,2
25,000159,0,2,61
26,000200,0,2,67
27,000202,0,2,37
28,000204,0,2,35
29,000206,0,2,36
30,000206,0,2,68
32,000207,0,2,66
32,000207,0,3,66
33,000207,0,2,35
34,000208,0,2,37
35,000209,0,2,37
36,000211,0,2,34
37,000213,0,7,71
38,000215,0,2,64
39,000219,0,2,63
40,000220,0,2,37
41,000221,0,2,37
42,000225,0,2,37
43,000226,0,1,22
44,000228,0,2,59
45,000230,0,2,36
46,000230,0,7,36
47,000231,0,2,65
48,000233,1,2,37
49,000234,0,2,60
51,000236,0,2,68
51,000236,0,5,68
52,000238,0,2,66
54,000238,0,2,34
54,000238,0,7,32
55,000240,0,2,34
57,000242,0,2,8643
57,000242,0,2,34
58,000244,0,2,33
59,000245,0,2,33
60,000245,0,2,33
61,000247,0,5,36
63,000248,0,2,36
63,000248,0,3,23
64,000249,0,2,32
66,000250,0,2,3607
66,000250,0,2,36
67,000252,0,2,36
68,000253,0,2,23
69,000253,1,5,22
70,000255,0,2,24
71,000256,0,2,18
73,000302,0,5,65
73,000302,0,7,1
75,000310,0,2,12
76,000313,0,2,14
76,000313,0,3,4
77,000326,0,1,9
78,000350,0,2,12
79,000353,0,1,9
80,000401,0,2,66
81,000402,0,2,65
82,000407,0,2,68
84,000411,0,2,64
85,000413,0,2,37
85,000413,0,7,18
86,000414,0,2,70
87,000415,0,2,37
88,000418,0,2,37
90,000420,1,1,10
92,000421,0,1,10
92,000421,0,3,3
93,000426,0,2,37
94,000427,0,2,33
95,000428,0,3,739
95,000428,0,2,35
97,000429,0,5,37
97,000429,0,7,18
98,000435,0,2,35
99,000439,0,2,65
100,000440,0,2,64
102,000443,0,2,78
102,000443,0,7,35
103,000444,0,2,36
104,000448,0,2,65
105,000448,0,3,10
106,000451,0,2,65
107,000451,0,2,38
108,000454,0,2,67
109,000455,0,2,64
110,000456,0,2,36
111,000459,0,7,34
112,000459,0,2,64
113,000501,0,2,64
114,000502,0,7,37
116,000505,0,2,68
117,000507,0,2,78
117,000507,0,5,4
118,000511,0,7,33
119,000512,0,2,39
120,000514,0,2,33
121,000515,0,2,33
122,000516,0,2,35
123,000517,0,5,7
124,000521,0,2,41
126,000524,0,7,55
127,000525,0,2,36
128,000527,0,7,159
129,000527,0,5,73
130,000528,0,7,29
130,000528,0,5,6
131,000530,0,2,46
132,000531,0,2,28
135,000531,0,7,134
135,000531,0,5,47
135,000531,0,5,46
136,000533,0,2,36
138,000534,0,5,71
139,000535,0,2,138
140,000535,0,2,37
140,000535,0,5,37
142,000537,0,2,16628
142,000537,0,7,37
143,000537,0,2,29
144,000538,0,2,37
145,000539,0,2,30
146,000541,0,2,51
147,000543,0,5,25
148,000544,0,2,30
149,000550,0,2,30
150,000553,0,2,30
151,000555,0,2,21
152,000556,0,2,21
154,000604,0,7,30
155,000606,0,1,148
155,000606,0,3,30
156,000608,0,2,11
158,000611,0,7,49
158,000611,0,5,25
160,000618,0,2,163
161,000621,0,2,12
161,000621,0,1,7
162,000625,1,1,11
163,000636,0,2,9
165,000647,1,2,25
166,000648,1,2,37
166,000648,1,1,19
167,000650,1,2,30
168,000654,0,2,11
169,000659,0,2,12
170,000704,0,2,49
171,000706,0,2,36
172,000707,0,7,29
173,000709,0,2,37
174,000710,0,2,75
176,000711,0,2,74
176,000711,0,2,13
178,000717,0,2,75
178,000717,0,7,48
179,000724,0,2,47
180,000729,0,2,49
181,000729,0,2,47
182,000730,0,2,49
183,000731,0,1,11
184,000734,0,2,11
185,000738,0,7,49
186,000739,0,2,49
187,000740,0,3,46
188,000742,0,2,73
189,000743,0,3,49
191,000744,0,2,177
192,000745,0,2,48
194,000747,0,2,36
194,000747,0,7,29
195,000749,0,2,47
195,000749,0,7,5
196,000751,0,2,36
197,000752,0,2,47
198,000753,0,2,36
199,000754,0,2,36
200,000755,0,2,36
201,000756,0,2,36
202,000756,0,2,49
203,000800,0,2,48
204,000800,0,2,21
206,000805,0,2,125
206,000805,0,2,36
207,000806,0,3,36
208,000807,0,7,29
209,000807,0,3,49
210,000809,0,2,35
211,000810,0,2,36
212,000810,0,5,15
213,000811,0,2,50
214,000812,0,2,20
215,000813,0,2,36
216,000814,0,7,25
217,000815,0,2,36
218,000816,0,2,36
219,000817,0,5,5
221,000819,0,2,36
221,000819,0,2,29
222,000820,0,3,46
223,000821,0,2,37
224,000826,0,2,29
225,000827,0,2,10
227,000830,0,5,73
228,000834,0,2,29
229,000835,0,2,49
229,000835,0,7,9
230,000843,0,2,14
232,000846,0,5,25
232,000846,0,7,21
233,000849,0,2,30
235,000854,0,2,49
235,000854,0,5,3
238,000857,0,3,30
238,000857,0,2,25
238,000857,0,1,19
239,000859,0,3,48
240,000903,0,2,75
241,000917,0,3,1
242,000926,0,2,37
244,000930,0,2,149
244,000930,0,2,49
245,000935,0,2,48
246,000940,1,2,37
247,000941,0,2,11
248,000944,0,2,11
249,000946,0,1,11
250,000947,0,1,11
251,000954,0,2,49
253,000955,0,1,50
254,000957,0,3,47
255,000959,0,7,36
256,001001,0,1,24
256,001001,0,1,10
257,001002,1,2,71
258,001003,0,2,45
259,001003,0,2,37
260,001004,0,2,47
261,001006,0,2,50
262,001008,0,7,52
263,001010,0,2,51
264,001011,0,2,48
265,001011,0,2,37
266,001013,0,2,37
267,001014,0,2,50
268,001018,0,2,153
270,001020,0,2,37
271,001023,0,2,36
272,001026,0,2,36
272,001026,0,7,29
274,001027,0,2,147
274,001027,0,3,51
275,001029,0,7,15
276,001030,0,7,35
278,001032,0,2,25
279,001033,0,2,50
280,001035,0,7,4
281,001039,1,2,37
281,001039,1,7,19
282,001041,0,7,14
283,001043,0,2,17
284,001047,0,1,30
285,001049,0,2,49
286,001050,0,2,8
287,001053,0,2,15
289,001056,0,2,50
289,001056,0,2,37
291,001100,0,2,49
291,001100,0,2,30
292,001102,0,2,11
293,001112,0,3,4
294,001115,0,2,38
295,001129,0,1,10
296,001133,0,2,37
297,001142,0,2,37
298,001144,0,1,37
299,001149,0,2,13
300,001154,0,2,14
301,001209,0,2,49
302,001212,0,3,15
304,001218,0,5,50
304,001218,0,7,6
305,001225,0,2,30
306,001229,1,7,37
308,001232,0,7,147
308,001232,0,3,1
309,001241,0,1,37
310,001243,0,2,37
312,001250,0,2,14
312,001250,0,2,2
313,001314,0,2,17
315,001325,0,2,50
316,001326,0,2,48
317,001327,0,2,73
318,001328,0,2,48
319,001330,0,1,72
319,001330,0,2,50
320,001331,0,2,37
321,001334,0,2,47
322,001337,0,2,51
323,001338,0,2,30
324,001339,0,2,28
325,001339,0,2,36
326,001340,0,2,49
327,001341,0,2,37
328,001342,0,2,37
329,001343,0,7,30
331,001344,0,7,74
331,001344,0,2,30
332,001344,0,2,24
333,001346,0,2,37
334,001347,0,2,37
335,001347,0,7,30
336,001350,0,7,25
337,001351,0,2,38
338,001359,0,3,51
339,001400,0,2,49
340,001417,0,2,74
341,001418,0,2,37
342,001420,0,2,49
344,001421,0,1,73
344,001421,0,2,48
345,001422,1,1,16
346,001426,0,2,38
347,001430,0,3,12
348,001434,0,5,51
349,001439,0,2,51
350,001440,0,5,51
351,001442,0,2,37
352,001452,0,2,74
353,001501,0,2,13
354,001505,0,2,15
355,001510,0,3,11
357,001522,0,3,37
357,001522,0,5,30
358,001527,1,2,14
359,001529,0,1,8
360,001536,1,2,73
361,001536,0,2,15
362,001540,0,2,50
363,001542,0,7,52
364,001553,0,2,52
365,001554,0,7,77
366,001558,0,2,15
367,001603,0,3,49
368,001604,0,3,37
369,001606,1,3,50
371,001609,0,5,29
372,001612,0,2,46
373,001612,0,1,71
375,001613,0,2,36
376,001615,0,2,36
376,001615,0,7,20
377,001615,0,7,51
378,001616,0,2,48
379,001617,0,2,36
380,001618,0,2,48
380,001618,0,3,15
381,001621,0,7,46
382,001623,0,5,48
384,001623,0,2,75
384,001623,0,2,36
386,001626,0,5,13
387,001627,0,7,29
388,001628,0,2,36
389,001628,0,2,30
391,001630,0,2,47
391,001630,0,7,36
391,001630,0,7,10
393,001632,0,2,4450
393,001632,0,5,25
394,001632,0,5,153
395,001632,0,2,37
396,001635,0,2,29
397,001638,0,2,25
398,001641,0,2,21
399,001642,0,2,22
400,001645,0,2,13
401,001707,0,2,38
402,001711,0,2,11
403,001721,0,5,13
404,001735,0,2,13
405,001746,0,2,51
406,001748,0,2,73
407,001748,0,3,50
408,001748,0,3,49
409,001751,0,2,46
410,001753,1,2,51
411,001754,0,5,70
412,001755,1,2,74
413,001756,0,2,48
414,001757,0,2,36
415,001757,0,3,48
417,001758,0,5,7
418,001759,0,3,75
418,001759,0,7,37
419,001800,0,2,48
420,001802,0,2,50
421,001802,0,7,48
422,001803,0,2,49
423,001804,0,2,49
424,001806,0,2,50
425,001807,0,5,49
426,001807,0,2,72
427,001809,0,2,72
428,001810,0,2,49
429,001811,0,2,49
431,001814,0,2,73
431,001814,0,5,71
432,001815,0,2,73
433,001817,0,2,37
434,001818,0,2,49
435,001818,0,2,49
436,001819,0,2,72
438,001821,0,3,37
439,001821,1,2,50
440,001822,0,7,37
441,001823,0,2,30
441,001823,0,3,3
442,001828,0,3,49
443,001828,0,3,37
444,001829,1,2,37
445,001832,0,2,37
447,001837,0,2,37
447,001837,0,2,37
448,001839,0,7,30
450,001844,0,2,36
450,001844,0,2,11
451,001848,0,2,30
452,001850,0,2,9
453,001851,0,2,21
454,001853,0,3,157
455,001853,0,3,12
457,001900,0,2,74
457,001900,0,2,51
459,001903,0,7,49
459,001903,0,1,1
460,001929,0,7,50
461,001931,0,7,50
462,001933,1,1,9
463,001947,0,2,148
465,001951,0,7,25
465,001951,0,5,14
466,001956,0,2,49
467,001959,0,2,75
468,002013,0,2,52
469,002019,0,3,49
471,002020,0,3,48
472,002022,0,2,48
473,002022,0,3,74
473,002022,0,3,2
475,002027,0,7,50
476,002028,0,3,72
478,002028,0,2,49
479,002031,0,3,48
480,002031,0,3,72
480,002031,1,3,10
481,002033,0,7,37
481,002033,0,5,8
482,002035,0,2,48
483,002036,0,7,36
485,002039,0,2,37
486,002040,0,7,29
487,002040,0,5,40449
487,002040,0,2,36
488,002042,0,5,30
489,002043,0,5,49
490,002044,0,2,37
491,002046,0,7,37
492,002046,1,2,35
493,002047,0,2,37
494,002048,0,2,28
495,002049,0,2,50
496,002050,0,2,36
498,002052,0,2,36
498,002052,0,2,36
499,002053,0,2,36
500,002054,0,2,36
501,002055,0,2,29
502,002056,0,2,24
503,002057,0,7,24
504,002059,0,2,24
505,002100,0,2,18
507,002102,0,7,36
507,002102,0,7,36
508,002104,0,2,28
509,002105,0,7,24
510,002106,0,2,29
511,002107,0,2,16
512,002109,0,2,24
513,002110,0,2,35
514,002112,0,5,28
516,002114,0,5,24
517,002115,0,7,74
517,002115,0,2,18
518,002116,0,2,24
519,002117,0,2,25
520,002118,0,2,18
522,002119,0,1,146
522,002119,1,3,21
523,002120,1,2,28
524,002122,1,3,37
525,002126,0,2,38
526,002127,0,2,15
527,002132,0,2,37
528,002132,0,3,143
529,002135,0,2,39
530,002138,0,2,51
531,002139,0,7,30
532,002141,0,2,8
533,002142,0,3,157
534,002142,0,3,11
535,002144,1,2,8
536,002207,0,2,36
537,002207,0,7,25
538,002208,1,7,47
539,002209,1,2,9
540,002234,0,3,49
541,002239,0,7,75
542,002241,0,2,38
543,002243,0,2,49
544,002244,0,2,51
545,002245,0,2,50
546,002246,0,2,37
547,002247,0,2,50
548,002248,0,2,49
550,002252,0,5,10
551,002254,0,2,36
552,002254,0,2,36
552,002254,0,7,4
553,002256,0,2,47
555,002257,0,5,74
556,002258,0,2,46
557,002259,0,2,37
557,002259,0,7,8
558,002300,0,2,37
560,002301,0,2,50
560,002301,0,3,15
561,002303,0,5,50
562,002304,0,2,50
563,002305,0,2,7
565,002309,0,5,150
565,002309,0,7,30
566,002311,0,2,49
567,002314,0,2,48
568,002316,0,2,37
569,002318,0,7,25
570,002319,0,2,50
571,002321,0,1,72
572,002323,0,2,50
573,002324,0,2,48
574,002326,0,2,36
575,002328,0,7,52
576,002329,0,2,36
577,002331,0,1,24
578,002331,0,2,37
580,002333,0,2,74
580,002333,0,5,30
581,002334,0,7,153
582,002334,0,7,146
584,002335,0,2,74
584,002335,0,7,5
585,002338,0,2,29
586,002339,1,7,36
587,002339,0,7,37
588,002341,1,2,30
589,002343,0,2,29
591,002344,0,2,168
591,002344,0,3,50
592,002345,0,2,48
593,002347,0,3,50
594,002348,0,2,49
595,002351,0,2,52
596,002353,0,7,37
597,002353,0,5,18
598,002355,0,2,49
599,002357,0,7,37
600,002400,0,2,30
601,002402,0,7,49
602,002402,0,7,50
604,002404,0,2,152
604,002404,0,7,25
605,002406,0,2,49
608,002407,0,1,7492
608,002407,0,2,37
608,002407,1,3,18
609,002408,1,3,48
610,002409,1,2,9
611,002415,0,7,37
612,002423,1,3,5
613,002429,0,2,51
615,002441,0,2,30
615,002441,0,5,14
616,002508,0,2,74
618,002512,1,3,24
620,002513,0,1,47
621,002514,0,2,36
621,002514,0,7,4
622,002516,0,2,48
624,002517,1,3,48
624,002517,0,3,11
624,002517,1,1,7
625,002518,1,2,49
626,002522,0,2,48
627,002523,0,7,36
628,002525,0,2,30
629,002526,0,2,37
630,002529,0,2,29
631,002531,0,2,50
632,002532,0,2,51
633,002536,0,2,37
634,002536,0,3,5
635,002540,0,7,21
636,002544,0,1,36
637,002545,0,2,37
638,002549,0,2,76
639,002551,0,2,49
640,002551,0,7,49
642,002554,0,2,148
642,002554,0,7,9
643,002555,0,2,49
644,002556,0,2,48
645,002559,0,2,50
646,002600,0,7,49
647,002601,0,2,49
649,002605,0,2,75
649,002605,0,3,50
652,002607,0,7,73
653,002607,0,1,15
653,002607,0,5,5
656,002609,0,3,70
656,002609,0,5,47
656,002609,0,7,10
657,002612,0,7,37
658,002613,0,1,73
659,002614,0,3,148
659,002614,0,7,8
661,002617,0,3,49
662,002617,0,5,48
664,002618,1,1,74
664,002618,0,7,2
665,002622,0,2,48
665,002622,0,3,5
666,002624,1,1,15
667,002625,0,5,157
668,002626,0,2,37
669,002630,0,2,68
670,002633,0,1,10
671,002634,0,2,154
672,002636,0,7,25
674,002640,0,7,147
674,002640,0,5,73
675,002641,0,2,37
676,002646,0,7,51
677,002648,1,2,51
678,002650,0,2,73
680,002653,0,3,48
681,002654,0,7,21
682,002654,1,7,8
683,002656,0,5,145
685,002657,0,5,37
685,002657,0,2,16
686,002659,0,2,38
686,002659,0,2,14
688,002704,0,7,72
688,002704,0,2,9
689,002706,0,2,11
690,002713,0,2,52
691,002714,0,2,9
692,002716,0,2,9
693,002725,0,2,37
694,002726,0,2,50
696,002741,0,2,50
696,002741,0,5,6
697,002745,0,2,12
698,002810,0,1,21
699,002811,0,2,38
700,002811,1,1,49
701,002824,0,2,74
702,002826,1,1,21
703,002828,0,2,46
704,002830,0,2,47
705,002830,0,2,46
706,002832,0,2,47
707,002832,1,3,36
708,002832,0,2,48
709,002832,0,3,47
711,002833,1,5,50
712,002834,0,2,36
713,002835,0,3,137
714,002836,0,2,49
715,002837,0,2,36
716,002838,0,2,49
718,002839,0,7,72
718,002839,0,2,48
720,002840,0,2,35
720,002840,0,7,28
721,002844,0,2,49
721,002844,0,3,9
722,002845,1,3,13
723,002846,0,2,35
724,002846,0,2,47
725,002847,0,2,28
726,002848,0,2,36
727,002849,0,7,46
728,002849,0,2,36
729,002850,1,2,45
730,002851,0,2,47
731,002852,0,2,29
732,002852,0,3,45
733,002853,0,2,48
734,002854,0,2,49
735,002856,0,5,147
736,002857,0,2,48
737,002859,0,2,75
738,002900,0,2,49
739,002904,0,2,37
740,002905,0,2,49
741,002907,0,2,50
742,002909,0,2,48
744,002914,0,2,162
744,002914,0,2,73
746,002916,0,2,145
746,002916,0,2,37
747,002918,0,7,149
748,002922,0,2,48
749,002924,0,2,50
750,002928,0,5,21
751,002930,0,2,51
752,002931,0,2,73
753,002936,0,2,49
754,002939,0,2,49
755,002940,0,2,50
756,002942,0,7,37
757,002942,0,7,19
758,002944,0,2,5
759,002945,0,3,7
760,003020,0,7,9
761,003035,0,3,10
762,003040,0,2,7
763,003057,0,2,52
764,003104,0,2,36
765,003106,0,2,39
766,003108,0,2,50
767,003112,0,2,49
768,003116,0,7,74
769,003116,0,2,50
770,003117,0,2,11
771,003122,0,2,49
772,003123,0,2,37
773,003127,0,2,30
774,003129,0,2,38
775,003131,0,2,30
776,003132,0,3,50
777,003136,0,5,19
779,003137,1,3,29
780,003137,1,2,48
781,003142,0,2,49
781,003142,0,3,10
782,003143,0,2,37
783,003144,0,5,36
784,003145,0,2,46
785,003146,0,2,36
786,003147,0,2,49
787,003149,0,2,49
789,003151,0,3,11940
789,003151,0,2,36
790,003152,0,2,52
791,003154,0,2,50
792,003155,0,2,36
793,003155,0,2,36
795,003157,0,3,5389
795,003157,1,2,36
797,003159,0,2,50
797,003159,0,2,36
798,003159,0,3,47
800,003201,0,2,46
800,003201,0,2,28
802,003203,0,2,70
802,003203,0,2,36
803,003204,0,2,36
804,003205,0,3,50
806,003206,0,7,150
806,003206,0,2,36
807,003207,0,2,51
808,003208,0,2,30
809,003209,0,2,30
810,003211,0,2,37
811,003213,0,2,37
813,003215,1,2,37
814,003220,0,5,52
814,003220,0,5,37
815,003222,0,2,36
817,003223,0,2,50
817,003223,0,7,9
819,003224,1,2,49
819,003224,0,7,25
820,003225,0,2,73
821,003225,0,1,10
822,003226,0,3,36
823,003228,0,7,48
824,003229,0,2,9
825,003233,0,2,11
826,003236,0,2,75
827,003237,0,2,8
828,003240,0,2,11
829,003250,0,1,17
830,003257,0,2,49
831,003258,1,2,8
832,003302,0,2,21
833,003310,0,5,157
835,003311,0,7,50
836,003313,0,2,8
836,003313,0,2,2
838,003322,1,2,37
839,003323,1,2,49
840,003325,1,2,51
840,003325,0,3,4
841,003334,0,2,165
842,003336,0,2,48
843,003339,0,2,51
844,003348,0,3,50
845,003353,0,2,50
846,003353,0,2,37
847,003355,0,7,50
849,003357,0,2,75
849,003357,0,3,29
851,003358,0,2,37
851,003358,0,2,9
852,003400,0,2,37
853,003402,0,2,35
854,003404,0,7,36
855,003405,0,7,73
857,003406,0,5,37
858,003406,0,2,36
859,003408,0,2,50
860,003408,0,5,46
861,003409,0,2,50
862,003410,0,2,36
863,003412,0,7,71
864,003412,0,2,148
864,003412,0,2,36
865,003412,0,3,36
866,003413,0,2,36
867,003415,0,2,51
868,003417,0,2,49
869,003419,0,2,36
870,003421,0,2,51
871,003422,0,2,11
872,003424,0,3,12
873,003428,0,2,36
874,003429,0,2,35
875,003433,0,2,50
876,003434,0,2,36
877,003435,0,5,9
879,003439,0,7,36
879,003439,0,5,16
881,003441,0,2,74
881,003441,0,7,15
883,003443,0,2,155
883,003443,0,5,29
884,003444,0,3,51
887,003446,0,7,157
887,003446,0,2,11
888,003449,0,2,36
889,003451,0,2,37
889,003451,0,5,8
890,003455,0,5,74
892,003457,0,2,49
893,003500,0,2,8
893,003500,0,1,2
894,003506,1,7,37
895,003506,0,7,164
897,003507,0,5,75
897,003507,0,2,8
898,003511,0,2,51
899,003515,0,2,37
900,003517,0,2,48
901,003520,0,2,37
902,003523,0,2,48
903,003524,0,2,49
904,003525,0,2,9
905,003529,0,2,37
906,003531,0,2,8
907,003534,0,2,9
908,003536,0,3,9
909,003543,0,2,9
910,003608,0,2,12
911,003618,0,2,9
912,003621,0,1,14
913,003623,0,2,51
914,003625,0,2,11
915,003631,0,2,37
916,003633,0,3,50
917,003634,0,2,37
918,003636,0,1,18
919,003637,1,2,74
920,003638,0,3,47
921,003638,1,2,77
922,003641,0,7,48
923,003643,0,2,51
924,003646,0,3,48
926,003649,0,5,155
926,003649,0,2,50
927,003650,0,2,48
929,003654,0,2,36
929,003654,0,7,12
930,003656,1,2,36
932,003656,0,2,136
934,003656,1,1,14
934,003656,0,1,8
935,003658,0,2,35
936,003658,0,2,36
937,003659,0,7,51
938,003700,0,7,36
941,003700,0,3,37
941,003700,0,5,31
942,003700,0,3,72
942,003700,1,7,16
945,003701,0,2,5723
945,003701,0,2,36
947,003702,0,2,49
947,003702,0,3,29
947,003702,0,7,10
948,003705,0,2,48
949,003706,0,3,24
950,003707,0,2,35
950,003707,0,7,35
951,003707,0,7,50
952,003709,0,2,48
953,003710,0,2,48
954,003710,0,2,30
955,003712,0,2,28
956,003713,0,2,36
957,003714,0,2,49
958,003714,0,2,29
960,003715,0,2,46
960,003715,0,3,45
961,003716,0,5,37
964,003717,0,2,37
964,003717,0,2,30
964,003717,0,7,21
965,003719,0,2,37
966,003721,0,1,13
967,003722,0,5,29
968,003723,0,2,50
969,003724,0,2,37
971,003726,0,7,161
971,003726,0,5,30
972,003728,0,2,29
973,003729,0,3,36
974,003730,0,3,37
975,003731,0,2,37
976,003733,0,2,7
977,003737,0,5,11
978,003739,1,2,37
979,003740,1,2,9
980,003747,0,2,37
981,003749,0,2,75
982,003752,1,2,52
983,003752,1,2,51
984,003809,0,7,51
985,003810,0,7,7
986,003814,0,2,9
987,003815,0,2,37
989,003821,0,7,137
990,003822,0,2,36
991,003823,0,2,9
993,003824,0,5,146
993,003824,0,7,77
993,003824,0,2,3
994,003831,0,2,38
995,003842,0,2,50
996,003908,0,3,9
997,003909,1,3,170
998,003933,0,3,19
999,003938,0,2,36
1000,003939,0,2,36
1001,003940,0,7,46
1002,003942,0,2,51
1003,003943,0,2,49
1004,003945,0,2,46
1005,003946,0,2,47
1007,003947,0,2,36
1007,003947,0,7,13
1008,003948,0,2,47
1009,003949,0,2,49
1010,003951,0,7,38
1011,003953,0,2,37
1012,003953,0,2,37
1013,003954,0,2,50
1014,003957,0,2,49
1015,003957,0,2,49
1016,003959,0,2,48
1017,004000,0,2,37
1018,004002,0,2,74
1019,004005,0,5,50
1020,004014,0,5,24
1021,004015,0,2,28
1022,004017,0,2,36
1023,004018,0,2,30
1024,004019,0,2,37
1025,004019,0,2,29
1026,004020,0,2,37
1027,004022,1,2,29
1028,004022,1,3,37
1030,004028,0,2,75
1030,004028,0,2,6
1031,004032,0,2,10
1032,004034,0,2,37
1033,004037,0,2,47
1034,004039,0,7,37
1035,004040,0,2,36
1036,004041,0,2,29
1037,004042,0,5,36
1038,004043,0,2,72
1039,004043,0,2,27
1040,004045,0,2,25
1041,004046,0,7,37
1042,004047,0,5,28
1043,004049,0,7,48
1045,004052,1,7,20
1046,004052,1,2,29
1047,004055,0,2,50
1048,004056,0,3,7
1048,004056,0,2,7
1049,004059,0,2,39
1050,004059,0,3,29
1051,004104,0,2,29
1052,004105,0,7,38
1053,004107,0,2,38
1054,004109,0,5,37
1055,004112,0,2,30
1056,004114,0,2,37
1057,004115,0,1,5
1058,004117,0,7,37
1059,004118,0,2,7
1061,004124,0,5,51
1061,004124,0,7,17
1062,004139,0,2,38
1063,004141,0,2,9
1064,004154,0,7,74
1065,004214,0,2,48
1067,004220,0,2,38
1067,004220,1,5,30
1068,004224,0,3,37
1069,004225,0,5,48
1070,004226,0,2,9
1071,004228,1,3,10
1073,004245,0,7,70
1073,004245,0,5,36
1074,004247,0,2,36
1075,004248,0,2,38
1076,004248,0,2,48
1077,004253,0,7,36
1078,004254,1,2,37
1079,004256,0,2,50
1081,004257,0,2,74
1083,004258,0,2,6223
1083,004258,0,2,35
1084,004259,0,3,71
1085,004259,1,2,37
1086,004301,0,5,9
1087,004302,0,2,29
1088,004303,0,7,29
1088,004303,0,5,29
1090,004304,0,2,73
1090,004304,0,2,24
1091,004306,0,2,29
1092,004307,0,2,24
1093,004309,0,2,24
1094,004310,0,2,30
1096,004312,0,5,137
1096,004312,0,7,75
1097,004313,0,7,18
1098,004314,0,2,24
1099,004316,0,2,21
1100,004319,0,2,29
1102,004320,0,5,151
1104,004321,1,5,43114
1104,004321,1,7,141
1104,004321,1,2,24
1105,004322,0,2,25
1106,004325,0,2,21
1107,004326,0,2,24
1108,004328,0,2,9
1109,004331,0,2,29
1110,004332,0,1,15
1111,004333,1,2,30
1112,004334,0,2,50
1113,004338,0,2,51
1114,004339,0,2,30
1115,004345,0,2,36
1116,004345,0,2,11
1117,004348,0,2,11
1119,004356,0,7,19
1119,004356,0,2,10
1120,004414,0,2,53
1122,004450,0,2,51
1122,004450,0,7,6
1123,004454,0,2,52
1125,004455,0,2,36
1126,004457,0,2,37
1127,004500,0,2,154
1127,004500,0,7,74
1128,004502,0,2,29
1129,004503,0,2,50
1130,004503,0,1,73
1131,004505,0,2,51
1133,004507,0,2,49
1135,004509,0,5,74
1135,004509,0,7,48
1136,004510,0,1,45860
1136,004510,1,5,13
1138,004511,0,7,50
1139,004511,0,2,48
1139,004511,0,5,7
1140,004512,0,5,71
1141,004515,0,5,36
1142,004516,0,2,36
1143,004519,0,5,24
1144,004520,0,2,45
1145,004521,0,2,36
1147,004522,0,7,73
1147,004522,0,1,72
1148,004524,0,2,36
1149,004524,0,2,37
1150,004525,0,2,37
1151,004527,0,7,36
1152,004527,0,2,37
1153,004530,0,2,37
1154,004531,0,2,37
1156,004533,0,7,12743
1157,004533,0,7,148
1158,004534,0,2,49
1159,004536,0,2,36
1160,004538,0,2,37
1160,004538,0,2,9
1161,004540,0,2,37
1162,004542,0,2,38
1163,004544,0,2,50
1164,004547,0,1,149
1165,004549,0,3,50
1166,004555,0,2,49
1167,004556,1,2,50
1168,004602,0,5,75
1170,004603,0,5,74
1170,004603,0,7,30
1171,004609,0,2,48
1172,004611,0,2,11
1174,004617,0,2,50
1174,004617,0,2,50
1176,004620,0,7,10
1176,004620,0,5,1
1177,004635,1,1,13
1178,004645,0,1,38
1179,004648,0,7,1
1180,004657,0,2,9
1181,004707,0,2,49
1182,004714,0,3,75
1183,004733,0,2,50
1184,004736,0,2,51
1185,004739,0,2,47
1186,004741,0,2,51
1187,004742,0,2,37
1188,004743,0,2,8
1189,004755,0,5,51
1190,004756,0,7,72
1192,004759,0,2,75
1192,004759,0,7,4
1193,004812,0,1,16
1194,004814,0,2,50
1195,004815,1,1,8
1196,004816,1,2,74
1197,004817,0,2,74
1198,004818,0,2,50
1199,004821,0,2,37
1200,004822,0,1,48
1201,004823,0,2,73
1202,004825,0,5,36
1203,004826,0,2,36
1204,004828,0,2,36
1206,004829,0,3,132
1206,004829,0,7,47
1207,004830,0,2,36
1208,004831,0,5,11
1210,004833,0,2,72
1210,004833,0,2,28
1211,004834,0,2,36
1212,004834,0,7,29
1213,004835,0,2,35
1215,004837,0,2,162
1215,004837,0,2,36
1216,004841,0,5,73
1217,004841,0,7,37
1218,004842,0,2,29
1220,004844,0,7,36
1221,004844,0,2,36
1222,004846,0,7,49
1223,004846,0,5,15
1225,004848,0,5,173
1225,004848,0,2,37
1228,004849,0,1,24
1229,004849,0,5,73
1229,004849,0,2,48
1229,004849,0,2,7
1230,004851,0,7,48
1231,004853,0,2,49
1231,004853,0,7,5
1232,004855,0,2,49
1233,004858,0,2,48
1235,004902,0,7,49
1235,004902,0,5,29
1236,004903,0,5,74
1237,004903,1,2,49
1238,004905,0,7,37
1239,004906,0,2,48
1241,004909,0,5,14
1241,004909,0,2,7
1243,004910,0,7,11
1244,004916,0,2,28
1244,004916,0,7,24
1245,004917,1,2,36
1246,004918,0,2,30
1247,004918,0,1,13
1248,004919,0,2,30
1249,004921,0,5,36
1250,004923,0,2,37
1251,004924,0,7,135
1252,004924,0,7,47
1253,004925,0,2,48
1254,004930,0,2,49
1255,004931,1,7,30
1256,004932,1,2,9
1257,004934,0,3,11
1258,004945,0,3,153
1259,004948,0,5,9
1261,004949,0,7,155
1261,004949,0,2,74
1262,004951,0,5,74
1263,004954,0,1,11
1264,005007,0,7,30
1265,005012,0,2,49
1266,005014,0,2,50
1267,005016,0,2,49
1268,005028,0,2,49
1270,005033,0,1,159
1270,005033,0,2,52
1272,005041,0,1,72
1272,005041,0,5,46
1273,005042,0,7,49
1274,005043,0,2,37
1275,005044,0,2,37
1276,005046,0,2,46
1277,005046,0,2,50
1278,005048,0,2,47
1279,005049,0,2,36
1280,005051,0,2,48
1281,005053,0,2,74
1282,005054,0,2,7
1283,005057,0,2,49
1284,005059,0,2,50
1285,005102,0,2,49
1286,005102,0,2,36
1287,005103,0,5,71
1288,005104,0,2,37
1289,005105,0,2,50
1290,005106,0,2,48
1291,005109,0,2,36
1293,005110,0,2,72
1293,005110,0,2,36
1294,005111,0,2,50
1295,005112,0,2,36
1296,005113,0,7,49
1297,005114,1,2,37
1298,005115,0,2,48
1299,005116,0,2,36
1300,005118,0,2,48
1301,005119,0,2,50
1302,005122,0,2,50
1304,005125,0,2,50
1304,005125,0,2,49
1305,005126,0,2,78
1306,005129,0,7,25
1307,005131,0,2,11
1308,005134,0,2,50
1309,005139,0,2,50
1310,005139,0,2,49
1311,005140,0,2,49
1312,005141,0,7,8
1313,005143,0,1,12
1314,005154,0,2,73
1315,005155,0,2,48
1316,005157,0,5,10
1317,005201,1,2,36
1318,005202,0,2,37
1319,005205,0,2,37
1320,005208,0,2,50
1321,005208,0,2,51
1322,005209,0,7,25
1323,005211,0,2,49
1325,005213,0,2,50
1326,005216,0,2,30
1327,005218,0,2,30
1327,005218,0,7,11
1328,005220,0,7,30
1329,005221,1,2,37
1330,005222,0,2,6
1331,005232,0,2,30
1333,005234,0,7,50
1333,005234,0,5,37
1334,005234,0,2,37
1335,005238,0,1,37
1336,005240,1,1,15
1338,005242,0,2,50
1338,005242,0,7,7
1339,005246,0,2,10
1340,005251,0,2,8
1341,005254,0,3,14
1342,005306,1,2,51
1343,005308,1,2,74
1344,005320,0,5,50
1345,005332,0,7,11
1346,005351,0,3,36
1347,005353,0,3,30
1348,005354,1,2,52
1349,005356,0,2,49
1350,005358,0,7,29
1351,005359,0,2,37
1352,005402,0,7,37
1353,005404,0,5,12
1354,005406,0,5,18
1355,005407,0,7,73
1357,005408,0,2,47
1359,005409,0,7,71
1359,005409,0,5,47
1359,005409,0,2,36
1360,005410,0,2,28
1361,005411,0,2,49
1362,005411,0,2,36
1363,005412,0,2,36
1364,005414,0,2,35
1366,005414,0,2,73
1366,005414,0,3,36
1367,005415,0,5,36
1368,005415,0,2,36
1369,005417,0,2,36
1370,005418,0,2,36
1371,005419,0,2,36
1372,005420,0,2,46
1373,005421,0,1,50
1374,005421,0,2,36
1375,005422,0,5,73
1376,005423,0,2,37
1378,005424,0,3,30
1379,005425,0,2,29
1380,005427,0,2,30
1380,005427,0,3,4
1381,005431,0,2,29
1382,005434,0,7,38
1383,005436,0,7,49
1384,005438,0,7,7
1385,005439,0,7,51
1386,005442,0,2,49
1387,005445,0,2,51
1388,005447,0,2,50
1389,005449,0,2,50
1390,005451,0,2,37
1391,005453,0,2,48
1392,005453,0,2,50
1393,005455,0,2,37
1394,005457,0,2,49
1395,005459,0,2,48
1396,005500,0,2,38
1397,005508,0,7,29
1399,005511,0,7,36
1400,005511,1,2,73
1401,005511,1,5,158
1401,005511,0,7,37
1402,005512,0,3,37
1403,005513,0,2,37
1404,005514,0,2,38
1405,005521,0,1,10
1406,005528,0,2,8
1407,005533,0,2,37
1408,005534,0,2,37
1409,005536,0,2,8
1411,005546,1,2,50
1412,005546,0,2,6
1412,005546,0,1,1
1413,005553,0,1,8
1414,005558,0,7,50
1415,005605,0,2,75
1416,005615,0,2,51
1417,005635,0,2,49
1418,005638,0,2,74
1419,005639,0,2,47
1420,005640,1,5,49
1421,005641,0,2,49
1422,005643,0,2,50
1423,005644,0,3,36
1426,005644,0,5,129
1426,005644,0,7,72
1426,005644,0,3,27
1427,005646,0,2,36
1429,005647,0,5,13
1430,005649,0,2,29
1431,005650,0,5,51
1432,005653,0,7,28
1432,005653,0,5,10
1433,005654,0,7,36
1434,005655,0,2,37
1435,005656,0,2,36
1437,005657,0,3,4268
1437,005657,0,2,29
1438,005657,1,3,20
1439,005657,0,2,36
1440,005658,0,2,36
1441,005659,0,7,36
1442,005700,0,7,50
1443,005701,0,7,36
1444,005702,0,2,37
1445,005703,0,2,36
1446,005705,0,2,35
1447,005706,0,7,48
1448,005707,0,1,154
1449,005708,0,7,37
1450,005708,0,5,18
1451,005710,0,5,75
1452,005710,0,5,160
1453,005711,1,2,50
1454,005713,0,2,49
1456,005714,0,1,69
1458,005715,0,1,169
1458,005715,0,7,50
1459,005715,1,1,49
1459,005715,1,2,36
1460,005718,0,2,37
1461,005721,0,7,25
1462,005723,1,2,36
1463,005723,0,2,48
1464,005727,0,2,51
1465,005727,0,2,48
1466,005728,0,2,48
1467,005732,0,7,36
1468,005734,0,2,37
1469,005734,0,5,49
1470,005735,0,3,37
1472,005735,0,2,157
1472,005735,0,2,37
1473,005739,0,2,49
1474,005742,0,2,9
1475,005743,0,2,49
1476,005747,0,2,50
1477,005748,0,5,37
1478,005751,0,2,51
1479,005753,0,2,38
1480,005755,0,2,74
1481,005758,0,2,50
1482,005802,0,2,49
1483,005803,0,2,36
1484,005804,0,2,50
1485,005812,0,2,72
1486,005813,0,2,39
1488,005817,0,7,146
1488,005817,0,5,75
1489,005839,0,2,8
1490,005851,0,1,15
1491,005904,0,2,49
1492,005909,0,2,49
1493,005909,0,2,49
1494,005911,0,2,48
1495,005914,0,7,49
1496,005915,0,2,37
1497,005921,0,5,37
1498,005923,0,7,37
1499,005924,0,2,50
1500,005925,0,2,29
1501,005926,0,2,49
1502,005928,0,1,13
1503,005929,0,2,49
1504,005929,0,3,49
1505,005937,0,2,45
1506,005939,0,2,37
1507,005941,1,2,36
1508,005942,0,3,72
1509,005942,1,2,36
1510,005943,0,2,48
1511,005944,0,7,46
1513,005944,1,7,21
1513,005944,0,1,10
1514,005947,0,2,49
1515,005948,0,2,74
1516,005949,0,2,70
1517,005952,0,2,48
1518,005953,0,2,47
1519,005955,0,5,76
1520,005955,0,2,37
1521,010000,0,2,47
1522,010002,0,2,51
1523,010005,0,2,50
1524,010009,0,2,48
1525,010010,0,2,38
1526,010010,0,3,37
1527,010013,0,2,9
1529,010015,1,5,37
1529,010015,0,3,16
1530,010018,0,2,37
1531,010021,0,1,73
1532,010024,0,2,51
1533,010025,0,2,37
1534,010030,0,2,51
1535,010032,0,2,12
1536,010109,0,2,10
1538,010116,0,2,75
1538,010116,0,7,1
1539,010122,0,3,48
1540,010126,0,5,7
1541,010145,0,2,51
1542,010150,0,7,21
1543,010151,0,2,37
1544,010152,0,3,158
1545,010152,0,2,37
1546,010155,0,3,37
1548,010155,0,2,74
1548,010155,0,7,50
1549,010156,0,2,51
1551,010203,0,3,38919
1551,010203,0,2,78
1552,010210,0,2,49
1553,010215,0,3,72
1554,010219,0,2,48
1555,010220,0,5,51
1556,010222,0,2,36
1557,010223,0,2,37
1558,010224,0,2,47
1559,010224,0,5,30
1560,010225,0,5,71
1561,010225,0,5,25
1562,010226,0,2,73
1564,010227,0,2,72
1565,010228,0,2,48
1566,010229,0,2,29
1567,010231,0,2,37
1568,010231,0,2,36
1568,010231,0,5,4
1569,010235,0,2,36
1573,010237,0,7,68
1573,010237,0,7,48
1573,010237,0,5,24
1573,010237,0,7,12
1574,010238,0,2,46
1575,010240,0,3,36
1576,010241,0,2,51
1577,010242,0,2,21
1578,010243,0,2,36
1580,010244,0,2,37
1580,010244,0,7,18
1582,010245,1,2,49
1582,010245,1,2,36
1583,010246,0,2,37
1584,010246,0,2,29
1585,010248,0,2,37
1586,010250,0,2,37
1587,010250,0,2,37
1588,010257,0,2,50
1589,010257,0,2,74
1590,010302,0,7,38
1593,010305,0,5,48
1593,010305,0,7,30
1594,010308,0,7,51
1594,010308,0,7,3
1595,010311,0,2,38
1596,010326,0,2,10
1597,010342,0,2,49
1598,010347,0,2,38
1599,010354,0,2,52
1600,010407,0,2,37
1601,010408,0,2,38
1602,010408,0,2,52
1603,010415,0,2,52
1604,010418,0,5,30
1605,010441,0,3,1
1606,010449,0,2,50
1607,010457,0,2,51
1608,010502,0,3,48
1609,010504,0,3,71
1610,010504,0,3,11
1611,010506,0,2,51
1612,010509,0,2,48
1613,010510,0,2,49
1614,010512,0,2,48
1616,010514,0,5,36
1617,010515,0,7,51
1618,010516,0,2,37
1619,010517,0,2,29
1620,010517,0,2,49
1620,010517,0,7,3
1622,010520,0,7,4469
1622,010520,0,5,29
1623,010520,0,5,76
1625,010520,0,2,14429
1625,010520,0,5,49
1626,010522,0,2,37
1627,010522,0,2,50
1628,010525,0,7,29
1630,010526,0,2,9959
1630,010526,0,2,48
1631,010527,0,2,49
1632,010528,0,2,136
1633,010529,0,2,49
1634,010531,0,5,74
1636,010533,0,2,72
1636,010533,0,2,48
1637,010535,0,2,36
1639,010538,0,2,158
1639,010538,0,7,74
1640,010539,0,2,36
1641,010539,0,2,37
1642,010540,0,7,49
1643,010541,0,7,151
1644,010541,0,2,36
1645,010543,0,2,46
1646,010543,0,5,28
1647,010545,0,2,35
1649,010546,0,2,72
1649,010546,0,2,50
1650,010547,0,2,36
1651,010548,0,2,46
1652,010548,0,2,36
1654,010550,0,2,149
1654,010550,0,2,36
1656,010554,0,2,37
1657,010557,0,2,48
1657,010557,0,5,9
1658,010559,0,2,38
1659,010603,1,2,37
1660,010611,0,1,14
1661,010631,0,2,51
1662,010632,0,7,74
1663,010634,0,2,12
1664,010640,0,2,50
1665,010646,0,7,36
1666,010648,0,7,156
1667,010653,0,2,38
1668,010707,0,2,74
1669,010710,0,2,76
1670,010715,0,7,37
1671,010719,0,7,21
1672,010721,0,2,37
1673,010725,0,2,37
1674,010726,0,1,11
1675,010728,0,2,11
1676,010742,0,3,46
1677,010742,1,3,28
1678,010743,0,3,73
1680,010744,1,3,8541
1680,010744,1,2,48
1681,010745,0,5,37
1682,010746,0,2,49
1684,010746,0,2,140
1684,010746,0,7,16
1685,010749,0,2,36
1686,010750,0,2,48
1687,010750,0,2,36
1688,010751,0,2,36
1689,010752,0,2,49
1690,010753,0,2,36
1691,010755,0,2,49
1692,010757,0,7,73
1693,010759,0,2,49
1695,010801,0,2,72
1696,010802,0,2,51
1696,010802,0,3,51
1697,010802,0,3,46
1698,010803,0,2,29
1699,010803,0,2,36
1701,010804,0,2,36
1701,010804,0,2,29
1702,010806,0,2,37
1703,010808,0,2,48
1704,010809,0,1,36
1706,010812,0,2,158
1708,010812,0,7,74
1709,010813,1,5,47
1709,010813,1,2,37
1709,010813,1,7,10
1710,010815,1,2,30
1711,010816,0,2,9
1712,010820,0,7,37
1713,010820,0,2,73
1714,010823,0,2,9
1715,010827,0,5,73
1716,010830,0,2,51
1717,010831,0,2,38
1718,010832,0,2,49
1719,010833,0,2,50
1720,010838,0,2,50
1721,010838,0,7,37
1722,010844,0,5,9
1724,010845,0,2,73
1724,010845,0,5,7
1725,010850,0,2,50
1726,010851,0,2,74
1727,010903,0,2,49
1728,010911,0,2,50
1729,010914,0,2,49
1730,010918,0,2,36
1731,010928,0,2,50
1732,010933,0,2,49
1733,010935,0,2,9
1734,011008,0,2,37
1735,011029,0,3,37
1736,011030,0,2,51
1738,011034,0,2,44172
1738,011034,0,2,47
1739,011035,0,2,48
1740,011037,0,2,49
1742,011037,0,2,138
1743,011038,0,2,37
1743,011038,0,7,18
1744,011040,0,2,37
1745,011042,0,7,28
1746,011044,0,7,15
1748,011047,0,2,37
1748,011047,0,5,37
1749,011048,0,2,30
1750,011049,0,7,15
1751,011050,0,7,10
1754,011053,0,7,153
1754,011053,1,5,36
1754,011053,1,7,36
1756,011055,0,2,42105
1756,011055,0,2,37
1758,011057,0,2,76
1758,011057,0,2,28
1759,011059,0,2,36
1761,011100,0,5,50
1761,011100,0,7,29
1762,011100,0,2,47
1763,011102,0,2,46
1764,011104,0,2,47
1765,011104,0,2,36
1766,011106,0,2,50
1767,011107,0,2,48
1769,011110,0,2,134
1769,011110,0,2,47
1770,011113,0,2,49
1771,011115,0,2,49
1772,011115,1,2,10
1773,011119,0,2,49
1774,011122,0,7,50
1775,011124,0,3,73
1776,011125,0,2,7
1777,011129,0,2,38
1778,011130,0,2,51
1779,011139,0,7,74
1780,011139,0,2,37
1781,011143,0,3,29
1782,011144,1,2,76
1784,011150,0,2,76
1784,011150,0,2,6
1785,011157,0,7,37
1786,011158,1,7,8
1787,011227,0,2,8
1788,011243,0,2,50
1789,011244,0,3,49
1790,011247,0,3,73
1791,011248,0,5,153
1792,011249,0,2,46
1793,011249,0,3,36
1794,011251,0,2,50
1795,011253,0,7,36
1798,011253,1,2,50
1799,011257,0,2,73
1800,011258,1,2,38
1800,011258,1,7,10
1800,011258,1,5,9
1801,011300,1,2,75
1802,011301,1,2,37
1803,011302,1,2,9
1804,011305,0,7,38
1805,011312,1,2,49
1806,011323,0,2,75
1807,011324,0,3,75
1808,011328,0,7,50
1809,011340,0,2,50
1810,011345,0,2,50
1811,011350,0,2,49
1812,011352,0,7,12
1813,011358,0,7,50
1816,011402,1,3,136
1817,011402,0,3,8
1818,011403,0,7,50
1819,011404,1,2,37
1819,011404,0,5,2
1819,011404,0,7,2
1820,011408,0,2,38
1821,011415,0,2,49
1822,011422,0,7,52
1823,011426,0,2,49
1824,011427,0,2,48
1825,011428,0,2,52
1826,011429,0,7,51
1827,011431,0,2,8
1828,011437,0,2,37
1829,011441,0,7,37
1830,011454,0,7,37
1831,011500,0,2,11
1832,011506,0,5,4
1833,011515,0,2,14
1834,011523,0,2,51
1835,011552,0,2,73
1836,011557,0,2,38
1837,011559,0,2,76
1838,011601,0,2,49
1839,011609,0,2,49
1840,011611,0,2,51
1841,011614,0,3,47
1842,011614,1,2,47
1843,011616,0,2,50
1844,011618,0,2,37
1845,011619,0,2,36
1847,011621,0,5,144
1847,011621,0,2,48
1848,011622,0,2,76
1849,011624,0,2,36
1850,011624,0,2,47
1852,011626,0,2,145
1852,011626,0,2,37
1853,011627,0,2,50
1854,011628,0,2,36
1855,011628,0,2,50
1857,011630,0,2,146
1857,011630,0,2,48
1858,011631,0,2,37
1859,011632,0,2,48
1860,011633,0,2,37
1861,011634,0,5,137
1862,011636,0,7,50
1863,011637,0,2,48
1864,011639,0,2,52
1865,011640,0,2,47
1866,011641,0,7,29
1868,011642,0,2,49
1868,011642,0,2,11
1869,011645,0,2,37
1870,011651,0,7,75
1871,011653,0,2,49
1872,011654,0,2,51
1873,011656,0,2,51
1874,011701,0,2,49
1875,011704,0,2,36
1876,011705,0,5,47
1877,011706,0,2,38
1879,011707,0,5,73
1879,011707,0,7,9
1880,011709,0,2,36
1881,011719,0,2,50
1882,011802,0,2,50
1883,011833,0,2,50
1885,011844,0,5,72
1885,011844,0,7,30
1886,011845,0,5,37
1887,011846,0,2,49
1889,011849,0,5,18
1891,011852,0,2,50
1891,011852,0,7,5
1892,011853,0,2,76
1892,011853,0,7,4
1893,011856,0,2,29
1894,011858,0,2,48
1895,011858,0,2,30
1896,011900,0,2,37
1897,011901,0,2,74
1898,011903,0,3,11
1899,011904,0,2,48
1900,011907,0,2,72
1901,011909,0,2,7
1902,011911,0,7,30
1903,011913,0,5,49
1904,011914,0,7,37
1905,011916,0,2,73
1906,011918,0,2,36
1907,011920,0,2,51
1908,011921,0,7,73
1909,011922,1,3,22
1910,011926,0,2,77
1911,011928,0,2,49
1912,011929,0,2,76
1913,011932,0,2,51
1914,011937,0,2,38
1915,011938,0,7,50
1916,011941,0,2,48
1917,011945,0,5,142
1920,011946,0,5,5385
1920,011946,0,2,51
1921,011949,0,7,50
1921,011949,0,7,3
1922,011954,0,2,51
1923,012010,0,7,25
1924,012012,1,7,4
1925,012017,0,2,8
1926,012019,0,2,37
1927,012021,0,2,9
1928,012022,0,3,8
1929,012026,0,2,51
1930,012030,0,7,140
1931,012030,0,7,30
1933,012036,0,7,17
1933,012036,0,2,8
1934,012045,0,2,49
1935,012050,0,3,6
1936,012105,0,2,37
1937,012106,0,2,51
1938,012116,0,2,75
1939,012118,0,2,50
1940,012119,0,2,139
1942,012120,0,2,37
1942,012120,0,2,6
1943,012122,0,3,50
1944,012124,0,1,4
1945,012126,1,3,29
1947,012129,0,7,37
1947,012129,0,3,37
1948,012130,0,2,37
1949,012132,0,3,49
1950,012132,0,2,49
1951,012133,0,3,49
1952,012136,0,2,49
1953,012136,1,2,36
1955,012139,0,2,36
1956,012140,0,3,73
1957,012141,0,7,29
1958,012142,0,2,50
1959,012143,0,7,48
1959,012143,0,7,24
1962,012147,1,2,48
1962,012147,1,7,47
1963,012147,0,2,36
1963,012147,0,7,4
1964,012150,1,2,37
1965,012151,0,2,37
1966,012153,0,1,37
1968,012155,0,2,74
1968,012155,0,7,29
1969,012155,0,2,37
1970,012157,0,2,74
1971,012158,0,3,49
1972,012200,0,2,50
1974,012201,0,2,134
1974,012201,1,7,72
1975,012202,1,2,51
1976,012212,0,1,16
1977,012213,0,7,73
1978,012213,0,2,37
1980,012215,0,7,32877
1980,012215,0,2,76
1981,012217,0,2,76
1982,012220,0,2,74
1983,012222,0,5,38
1984,012227,0,2,75
1985,012233,0,5,8
1986,012245,0,2,11
1987,012257,0,7,77
1988,012258,0,7,75
1989,012308,1,2,38
1990,012327,0,2,38
1991,012327,0,5,38
1992,012329,0,7,15
1993,012332,0,2,12
1994,012337,0,2,50
1995,012340,0,2,11
1996,012351,0,2,49
1997,012355,0,2,50
1998,012358,0,2,50
1999,012359,1,3,50
2000,012401,0,2,72
2001,012404,0,2,38
2002,012406,0,2,49
2003,012410,0,7,30
2004,012416,0,2,53
2005,012423,0,7,30
2006,012426,0,7,75
2007,012428,0,7,37
2008,012431,0,2,49
2009,012431,0,3,155
2010,012432,0,2,51
2011,012437,0,2,50
2012,012442,0,2,51
2013,012447,0,5,38
2014,012447,0,2,37
2016,012450,0,5,74
2017,012451,0,2,36
2018,012453,0,2,36
2019,012453,0,7,36
2020,012455,0,2,46
2021,012456,0,7,8834
2021,012456,0,5,16
2022,012457,0,2,35
2023,012458,0,3,48
2024,012459,0,2,47
2025,012500,0,2,29
2026,012501,0,2,72
2028,012502,1,2,73
2028,012502,1,2,30
2030,012503,1,2,153
2030,012503,1,2,30
2032,012514,0,7,73
2033,012514,0,7,50
2033,012514,0,5,4
2034,012516,0,7,158
2035,012516,0,7,149
2036,012522,0,7,38
2037,012530,0,2,49
2038,012534,0,2,37
2039,012535,0,7,38
2040,012541,0,2,14
2041,012547,0,3,51
2042,012550,0,7,38
2043,012551,1,2,76
2044,012559,0,2,49
2045,012602,0,2,50
2046,012605,0,2,76
2047,012608,0,2,52
2049,012612,0,2,76
2049,012612,0,7,1
2050,012622,0,7,37
2051,012623,0,7,22
2052,012633,0,2,38
2053,012644,0,2,37
2054,012648,0,7,37
2055,012705,0,7,38
2056,012716,0,1,11
2057,012725,0,2,73
2058,012727,0,2,38
2059,012728,0,2,48
2061,012730,0,2,71
2061,012730,0,2,36
2062,012730,0,3,36
2063,012732,0,2,37
2064,012733,0,2,37
2067,012736,0,2,47
2068,012738,0,7,16253
2068,012738,0,2,49
2070,012738,0,2,73
2070,012738,0,7,36
2071,012740,0,2,50
2072,012742,0,2,37
2072,012742,0,5,12
2073,012743,0,2,50
2074,012745,0,2,30
2076,012752,0,2,49
2076,012752,0,2,49
2077,012754,0,2,50
2078,012756,0,3,13
2079,012757,0,7,37
2080,012758,0,2,49
2081,012759,0,5,38
2082,012805,0,2,74
2083,012805,0,3,50
2084,012807,0,3,11
2086,012812,0,2,37
2087,012813,0,2,36
2087,012813,0,7,11
2088,012815,0,2,71
2089,012817,0,7,50
2090,012820,0,2,37
2091,012820,0,2,37
2093,012822,0,2,51
2093,012822,0,2,25
2094,012825,0,2,37
2095,012827,0,2,36
2096,012828,0,2,37
2097,012829,0,2,49
2098,012904,0,2,48
2099,012906,0,2,50
2100,012907,0,2,8
2101,012912,1,2,9
2102,012934,0,2,7
2103,012938,0,2,51
2104,012940,1,3,49
2106,012941,0,3,75
2107,012942,0,2,74
2108,012945,0,2,49
2109,012946,0,7,145
2110,012946,0,2,37
2110,012946,0,2,8
2111,012951,0,2,37
2112,012953,0,5,50
2114,012955,0,2,48
2115,012956,0,7,36
2115,012956,0,5,21
2116,012957,0,2,38
2117,013002,0,5,9
2118,013004,1,2,37
2119,013008,0,2,50
2120,013010,0,2,52
2121,013012,0,3,50
2122,013012,1,2,37
2123,013019,0,5,76
2124,013021,0,7,50
2125,013022,0,2,37
2127,013022,0,7,128
2127,013022,1,7,13
2128,013024,0,5,73
2129,013024,0,2,11
2130,013028,0,7,29
2132,013029,0,5,75
2133,013030,0,5,47
2133,013030,0,2,38
2134,013030,1,2,37
2137,013032,0,2,50
2138,013035,0,2,50
2139,013035,0,2,36
2139,013035,0,7,16
2141,013036,0,5,51
2141,013036,0,2,51
2141,013036,0,7,38
2142,013039,0,2,37
2143,013040,0,2,73
2144,013040,0,7,49
2146,013042,0,2,74
2146,013042,0,2,48
2147,013045,0,2,49
2148,013046,0,5,12
2149,013051,0,2,49
2150,013052,0,2,37
2151,013053,0,2,37
2152,013058,0,2,49
2153,013100,0,2,8
2154,013105,0,7,25
2155,013124,0,2,52
2156,013139,0,3,9
2157,013146,0,2,52
2158,013217,0,2,10
2159,013224,0,2,48
2160,013231,0,7,74
2161,013232,0,2,50
2163,013234,0,5,171
2163,013234,0,7,51
2164,013235,0,7,36
2165,013235,0,2,48
2167,013237,0,2,35294
2167,013237,0,2,48
2168,013238,0,2,38
2169,013241,0,7,49
2170,013243,0,2,51
2171,013244,0,2,48
2172,013245,0,5,30
2173,013247,0,2,50
2174,013250,0,7,37
2176,013252,0,7,37
2176,013252,0,5,1
2177,013300,0,7,38
2178,013300,0,2,49
2179,013301,0,2,50
2181,013306,0,5,139
2181,013306,0,2,48
2182,013307,0,3,50
2183,013309,0,2,74
2184,013311,0,2,51
2185,013316,0,2,50
2186,013316,0,7,48
2188,013318,0,2,74
2188,013318,0,2,49
2189,013320,0,1,11
2190,013321,1,5,36
2195,013327,0,5,71
2195,013327,0,2,50
2196,013329,0,2,46
2196,013329,0,7,7
2196,013329,0,7,5
2197,013331,0,7,72
2198,013331,0,7,145
2198,013331,0,5,21
2199,013333,0,2,36
2200,013334,0,5,37
2201,013334,0,5,145
2203,013336,0,7,37
2204,013337,0,2,37
2205,013340,0,5,49
2205,013340,0,2,5
2207,013343,0,5,75
2208,013345,0,7,38
2209,013346,0,2,38
2209,013346,0,7,2
2210,013425,0,2,50
2211,013434,0,2,38
2212,013434,0,1,8
2213,013456,0,7,51
2214,013502,0,2,37
2215,013504,0,2,11
2216,013511,0,2,50
2217,013527,0,2,48
2218,013528,0,2,9
2219,013531,0,2,49
2220,013554,0,3,48
2221,013557,0,2,50
2222,013558,0,2,37
2223,013559,0,7,50
2224,013602,0,2,76
2225,013602,0,2,37
2226,013604,0,7,49
2227,013609,0,2,46
2228,013609,0,5,14
2229,013610,0,2,36
2230,013611,0,7,36
2232,013611,0,7,48
2233,013612,0,2,48
2234,013613,0,2,49
2237,013616,0,5,73
2237,013616,0,7,48
2237,013616,0,5,10
2238,013616,1,2,36
2240,013617,0,5,147
2240,013617,0,7,36
2240,013617,0,3,29
2241,013618,0,2,37
2242,013620,0,3,50
2243,013624,0,2,50
2244,013627,0,7,37
2246,013628,0,7,50
2247,013630,0,5,15
2249,013632,0,2,48
2249,013632,0,2,37
2249,013632,0,7,4
2250,013633,0,2,51
2251,013636,0,2,37
2252,013637,1,5,21
2254,013639,0,2,50
2256,013639,0,1,154
2256,013639,0,3,76
2256,013639,1,1,12
2257,013644,0,3,1
2258,013652,0,7,37
2259,013652,0,7,50
2260,013654,0,2,51
2261,013654,0,3,75
2262,013657,0,2,75
2263,013702,0,2,38
2264,013724,0,2,50
2265,013726,0,2,51
2266,013800,0,2,49
2268,013801,0,2,75
2268,013801,0,3,29
2269,013805,0,7,73
2270,013806,0,2,48
2271,013806,0,2,37
2274,013809,0,2,136
2274,013809,0,2,74
2275,013811,0,7,37
2276,013812,0,2,49
2276,013812,0,7,3
2277,013817,0,2,37
2278,013821,0,2,37
2279,013825,0,2,50
2280,013826,0,2,48
2282,013828,0,2,161
2282,013828,0,2,38
2283,013831,0,3,49
2284,013834,0,2,49
2285,013841,0,2,50
2287,013846,0,7,154
2287,013846,0,5,74
2288,013848,0,2,36
2289,013848,0,5,13
2290,013850,0,2,50
2291,013851,0,2,48
2292,013851,0,3,49
2293,013853,0,2,49
2294,013856,0,5,15
2295,013857,0,2,37
2296,013859,0,7,77
2298,013901,0,5,48
2298,013901,0,7,29
2299,013902,0,2,50
2300,013903,1,2,36
2301,013905,0,2,48
2302,013909,0,7,49
2303,013910,0,2,37
2304,013912,0,2,37
2305,013914,0,2,51
2306,013916,0,2,37
2307,013918,0,2,8
2309,013919,0,5,37
2309,013919,0,7,29
2310,013921,0,2,30
2311,013922,0,2,38
2312,013924,0,2,37
2313,013930,0,2,73
2314,013939,0,2,37
2315,013940,0,2,11
2316,013959,0,2,9
2317,014003,0,7,37
2319,014005,0,7,14
2319,014005,0,2,12
2320,014010,0,2,30
2321,014012,0,2,37
2322,014015,0,2,74
2323,014025,0,2,38
2324,014052,0,2,74
2325,014100,0,7,37
2326,014103,0,2,50
2327,014104,0,5,47
2328,014105,0,2,37
2329,014105,0,2,37
2331,014106,0,2,144
2331,014106,0,7,37
2332,014111,0,2,47
2333,014111,0,2,37
2334,014119,0,2,76
2335,014120,0,2,76
2337,014131,0,7,25
2337,014131,0,7,21
2339,014132,0,5,146
2339,014132,0,2,24
2341,014133,0,2,5802
2341,014133,0,2,50
2342,014137,0,2,49
2343,014139,0,7,38
2344,014141,0,7,48
2345,014142,0,2,50
2346,014144,0,2,37
2347,014145,0,7,50
2348,014145,0,7,26
2349,014146,0,2,25
2351,014156,0,2,46
2351,014156,0,5,24
2352,014158,0,2,49
2353,014207,0,7,51
2354,014209,0,7,144
2356,014211,0,2,37
2356,014211,0,2,8
2357,014214,0,2,8
2358,014220,0,2,51
2359,014222,0,2,50
2360,014227,0,2,51
2361,014235,0,7,38
2362,014237,0,7,30
2363,014240,0,2,52
2364,014309,1,3,30
2365,014310,0,5,25
2366,014328,0,5,51
2367,014353,0,1,15
2369,014411,0,5,12
2369,014411,0,7,9
2370,014418,0,2,51
2371,014424,0,5,49
2373,014427,0,7,129
2373,014427,0,5,72
2374,014427,0,7,24
2375,014429,0,2,37
2376,014431,0,7,74
2378,014431,0,7,125
2380,014431,0,3,42857
2381,014433,0,2,74
2382,014434,0,7,128
2383,014434,0,5,18
2384,014435,0,2,50
2385,014436,0,2,28
2386,014437,0,5,12743
2386,014437,0,7,153
2386,014437,0,7,50
2387,014438,0,2,29
2388,014439,0,3,24
2390,014440,0,5,156
2390,014440,0,7,49
2391,014440,0,2,29
2392,014443,0,2,37
2393,014443,0,7,36
2395,014445,0,2,155
2395,014445,0,2,30
2396,014447,0,2,29
2397,014448,0,2,36
2398,014449,0,5,29
2399,014450,0,2,37
2400,014452,0,5,51
2401,014455,0,2,30
2402,014455,0,2,51
2403,014459,0,5,30
2404,014501,0,2,29
2405,014501,0,7,29
2406,014502,0,2,36
2407,014503,0,7,36
2408,014504,0,2,37
2409,014505,0,3,37
2410,014506,0,2,30
2411,014509,0,7,140
2413,014509,1,7,74
2413,014509,1,2,37
2414,014513,0,3,38
2415,014514,0,2,50
2416,014517,0,7,48
2417,014518,1,2,74
2419,014523,0,2,76
2419,014523,0,5,1
2420,014529,0,7,12
2421,014537,0,2,38
2422,014541,0,2,10
2423,014550,0,3,19
2424,014604,0,2,37
2425,014608,0,2,38
2426,014628,0,3,48
2427,014629,0,7,141
2428,014630,0,2,49
2429,014631,0,2,49
2430,014631,0,2,37
2431,014633,0,2,36
2432,014635,0,2,49
2433,014638,0,2,48
2434,014638,0,2,30
2435,014640,0,2,37
2436,014651,0,2,49
2437,014654,0,2,48
2438,014657,0,2,50
2440,014702,1,3,49
2440,014702,1,1,38
2441,014703,0,2,49
2442,014705,0,7,37
2443,014708,0,2,75
2444,014709,0,2,49
2445,014714,0,5,18
2447,014718,0,2,50
2448,014720,0,2,48
2449,014721,0,7,37
2449,014721,0,7,7
2450,014724,0,2,50
2452,014727,0,2,158
2453,014733,0,7,18274
2453,014733,0,7,37
2455,014735,0,5,17
2455,014735,0,7,14
2456,014741,0,7,48
2459,014742,0,2,149
2459,014742,0,7,29
2460,014745,0,2,49
2462,014747,0,2,49
2462,014747,0,7,38
2462,014747,0,7,14
2463,014752,0,5,9
2465,014754,0,2,140
2465,014754,0,7,14
2466,014800,0,2,49
2467,014801,0,7,11
2468,014806,0,7,52
2469,014901,0,1,8
2470,014919,0,2,74
2471,014921,0,3,38
2472,014924,0,2,75
2473,014932,0,2,50
2474,014933,0,2,50
2475,014954,0,5,147
2476,014955,0,2,48
2477,014955,0,2,76
2478,014958,0,2,50
2479,014959,0,2,37
2480,015000,0,2,49
2481,015002,0,2,36
2482,015004,0,2,37
2483,015005,0,7,71
2484,015005,0,7,166
2485,015005,0,7,46
2486,015005,1,5,73
2487,015006,0,5,37
2488,015007,0,7,36
2489,015007,0,2,36
2490,015009,0,2,37
2491,015010,0,2,50
2492,015011,0,2,37
2493,015012,0,2,37
2494,015012,0,2,49
2496,015015,0,7,136
2496,015015,1,5,25
2497,015017,0,2,38
2500,015022,0,7,37
2500,015022,0,2,37
2501,015024,1,2,37
2502,015025,1,2,30
2503,015026,1,2,49
2503,015026,1,7,9
2504,015028,1,2,50
2505,015031,0,7,21
2506,015035,0,2,49
2508,015040,0,7,24
2509,015043,1,7,48
2509,015043,1,5,37
2510,015045,0,2,37
2511,015047,0,7,52
2512,015048,0,2,38
2513,015055,0,1,14
2514,015105,0,2,37
2515,015112,0,2,50
2516,015116,0,2,51
2517,015127,0,7,37
2518,015138,0,7,29
2519,015159,0,3,74
2520,015159,0,3,8
2521,015200,0,2,38
2522,015207,0,2,50
2523,015209,0,2,50
2524,015210,0,7,49
2525,015213,0,2,37
2526,015214,0,3,9
2527,015234,0,7,21
2528,015237,0,7,35
2530,015240,0,7,74
2531,015240,0,3,8421
2531,015240,0,5,163
2533,015241,0,2,50
2535,015246,0,7,71
2535,015246,0,7,47
2536,015249,0,5,48
2536,015249,0,7,36
2537,015251,0,2,49
2538,015252,0,2,73
2539,015252,0,2,37
2540,015253,0,2,37
2542,015255,0,5,161
2542,015255,0,7,50
2543,015257,0,2,46
2545,015300,0,5,30
2545,015300,0,7,6
2546,015301,0,2,74
2547,015303,0,7,160
2548,015303,0,7,73
2549,015304,0,2,8
2550,015310,0,2,38
2551,015334,0,7,50
2552,015335,0,7,158
2553,015335,0,7,9
2554,015337,0,7,48
2555,015340,0,2,49
2556,015345,0,2,38
2557,015347,1,2,50
2558,015405,0,7,50
2560,015409,0,5,150
2560,015409,0,7,37
2561,015414,0,2,38
2562,015420,0,2,49
2563,015423,1,2,48
2564,015430,0,2,10
2566,015440,0,5,51
2566,015440,0,7,25
2567,015442,0,2,37
2568,015455,0,2,9
2569,015502,0,2,49
2570,015504,0,7,37
2572,015504,0,5,73
2572,015504,0,7,13
2573,015506,0,2,47
2574,015506,0,2,135
2575,015508,1,2,49
2576,015509,0,2,74
2577,015510,0,2,48
2578,015511,0,2,38
2579,015514,0,2,51
2580,015536,0,7,50
2581,015537,0,2,51
2582,015540,0,2,51
2583,015543,0,2,49
2586,015546,0,5,73
2586,015546,0,7,21
2587,015549,0,2,14
2587,015549,0,2,3
2589,015556,0,7,25
2589,015556,0,7,2
2590,015600,0,7,49
2593,015606,0,2,49
2595,015608,0,5,75
2595,015608,0,5,12
2595,015608,0,7,3
2595,015608,0,7,2
2597,015613,0,7,147
2598,015614,0,3,48
2599,015615,0,7,37
2600,015617,0,2,49
2601,015618,0,7,140
2601,015618,0,5,139
2602,015620,0,5,4
2605,015623,0,7,137
2605,015623,0,7,74
2605,015623,0,5,37
2606,015625,0,2,48
2607,015625,1,3,10
2608,015627,1,2,49
2609,015635,0,2,37
2611,015637,0,7,76
2612,015637,1,2,74
2614,015642,0,2,75
2615,015642,1,2,49
2615,015642,1,7,25
2615,015642,1,2,8
2616,015649,0,7,30
2617,015654,0,2,9
2619,015733,0,7,48
2620,015734,0,2,38
2621,015737,0,2,10
2621,015737,0,3,8
2622,015759,0,2,37
2623,015801,0,7,50
2625,015807,0,2,49
2625,015807,0,7,4
2626,015812,0,2,73
2627,015815,0,3,37
2629,015816,1,2,138
2629,015816,0,7,19
2630,015819,0,2,37
2631,015821,0,2,37
2632,015821,0,2,51
2633,015823,0,2,49
2634,015827,0,2,37
2635,015828,0,7,50
2636,015829,0,2,49
2637,015830,0,2,50
2638,015832,0,5,74
2639,015840,0,2,37
2641,015843,0,2,74
2642,015844,0,3,38
2643,015846,0,2,38
2644,015847,0,2,38
2644,015847,0,7,5
2645,015851,0,5,11
2646,015859,0,7,49
2647,015903,0,7,48
2648,015907,0,2,37
2649,015908,0,2,51
2650,015913,0,5,49
2651,015924,0,2,50
2652,015939,0,3,37
2653,015943,0,2,52
2654,020028,0,2,36
2655,020043,0,2,50
2656,020044,0,2,38
2657,020100,0,2,49
2658,020101,0,1,75
2659,020103,1,3,37
2660,020106,0,2,37
2661,020106,0,2,50
2662,020108,0,7,37
2663,020109,0,2,48
2664,020114,0,7,48
2665,020114,0,7,144
2666,020114,0,5,7
2668,020116,0,5,74
2668,020116,0,7,24
2669,020117,0,7,37
2670,020119,0,7,28
2671,020121,0,2,29
2672,020122,0,5,10
2673,020123,0,7,37
2674,020124,0,7,30
2675,020126,0,2,30
2676,020127,0,2,36
2678,020129,0,7,153
2678,020129,0,2,37
2680,020130,0,2,29
2681,020131,0,2,30
2682,020132,0,2,38
2682,020132,0,7,2
2683,020136,0,7,20
2684,020136,0,7,71
2685,020137,0,7,73
2686,020137,0,7,18
2687,020138,0,2,37
2688,020139,0,7,24
2689,020141,0,2,37
2690,020142,0,2,37
2691,020144,0,5,22
2692,020145,0,2,37
2694,020146,0,7,8654
2694,020146,0,2,37
2695,020148,0,2,29
2696,020151,0,7,30
2697,020154,0,7,25
2698,020157,1,7,30
2699,020204,0,7,75
2700,020204,0,5,155
2701,020205,0,2,37
2702,020207,0,2,37
2703,020209,0,2,30
2704,020210,0,2,8
2705,020213,0,2,50
2706,020218,0,2,50
2707,020222,0,2,49
2708,020223,0,7,51
2709,020247,0,2,49
2710,020249,0,2,72
2711,020250,0,2,30
2712,020259,0,2,11
2713,020332,0,2,36
2715,020336,0,2,36
2716,020337,0,2,50
2718,020339,0,7,24
2718,020339,0,5,21
2720,020340,0,2,47
2720,020340,0,2,24
2720,020340,0,7,12
2721,020342,0,2,29
2723,020350,0,7,74
2723,020350,0,5,31
2724,020402,0,2,17
2726,020407,0,5,49
2726,020407,0,7,2
2727,020413,0,7,37
2728,020415,1,5,37
2729,020415,0,2,37
2730,020416,0,2,49
2731,020418,0,2,74
2732,020419,0,2,37
2734,020420,0,7,75
2735,020421,0,7,7
2736,020424,1,3,30
2736,020424,1,5,4
2737,020428,1,7,38
2738,020442,0,2,50
2739,020454,0,2,51
2740,020457,0,2,76
2741,020505,0,2,50
2742,020507,0,7,75
2744,020511,0,7,164
2745,020513,0,2,49
2745,020513,0,5,2
2746,020519,0,2,38
2747,020526,0,3,10
2748,020538,0,5,6
2749,020607,0,3,17
2750,020621,0,7,51
2751,020631,0,3,75
2753,020638,1,7,136
2753,020638,1,3,73
2754,020640,0,2,46
2755,020641,0,2,69
2756,020642,0,3,46
2757,020642,0,2,36
2758,020644,0,2,36
2759,020645,0,2,36
2761,020646,0,2,37
2761,020646,0,5,10
2762,020648,0,7,28
2763,020650,0,2,30
2764,020652,0,2,29
2765,020653,0,7,36
2766,020653,0,5,73
2767,020655,0,2,37
2769,020656,0,7,30
2769,020656,0,5,25
2770,020656,0,2,37
2771,020657,0,2,38
2772,020700,0,2,49
2773,020703,0,7,37
2774,020704,0,7,37
2776,020707,0,2,21
2776,020707,0,5,11
2777,020715,0,7,24
2778,020716,0,7,30
2780,020717,0,5,37
2781,020719,0,2,29
2781,020719,0,7,14
2782,020721,0,2,36
2784,020722,0,3,76
2784,020722,1,2,37
2785,020723,0,2,51
2786,020725,0,2,37
2787,020727,1,2,49
2788,020731,0,7,50
2789,020733,0,2,36
2791,020735,0,2,76
2792,020737,0,2,49
2792,020737,0,7,2
2794,020742,0,2,155
2794,020742,0,7,1
2795,020751,0,2,50
2796,020753,0,1,73
2797,020753,1,2,8
2798,020758,1,2,37
2799,020819,0,7,50
2800,020924,0,2,49
2801,020925,0,2,9
2802,020933,1,3,49
2804,020939,0,5,73
2804,020939,0,7,49
2805,020941,0,2,50
2806,020942,0,7,29
2808,020942,0,7,24
2808,020942,0,5,20
2809,020943,0,2,36
2810,020944,0,7,47
2812,020946,0,2,36
2813,020948,0,5,49
2814,020949,0,2,37
2815,020951,0,7,6218
2815,020951,0,2,37
2816,020953,0,2,37
2817,020953,0,7,141
2818,020953,0,5,7
2819,020954,1,2,29
2820,020955,0,3,36
2822,020956,0,7,47
2822,020956,0,5,36
2823,020957,0,2,28
2824,020958,0,2,28
2826,020959,0,2,6581
2826,020959,0,2,37
2827,021000,0,2,25
2828,021002,0,2,30
2829,021005,0,2,49
2830,021006,0,5,5
2831,021008,0,2,37
2833,021009,0,7,25
2833,021009,0,5,15
2834,021014,0,2,30
2835,021016,0,2,17
2836,021017,0,2,30
2837,021022,0,2,21
2838,021024,0,2,21
2839,021027,0,2,16
2842,021032,0,2,77
2842,021032,0,5,11
2842,021032,0,7,9
2843,021041,0,7,13
2844,021101,0,3,6
2845,021110,0,7,37
2847,021110,0,7,39
2847,021110,0,7,26
2848,021116,1,1,9
2849,021119,0,2,38
2850,021150,0,2,12
2851,021158,0,2,51
2852,021229,0,7,21
2853,021230,0,3,37
2854,021233,0,7,36
2856,021234,0,2,49
2856,021234,0,7,18
2857,021235,0,2,49
2858,021235,0,2,24
2859,021236,0,2,36
2860,021237,0,2,36
2861,021239,0,5,159
2862,021239,0,5,12
2864,021240,0,2,36
2865,021243,0,7,29
2866,021243,0,7,3
2866,021243,0,7,2
2867,021246,0,7,30
2870,021247,0,2,74
2870,021247,0,7,48
2871,021250,0,7,29
2872,021251,0,2,18
2873,021253,0,5,40000
2874,021254,0,7,48
2874,021254,0,2,11
2875,021255,0,2,18
2876,021256,0,2,17
2877,021259,0,7,21
2878,021259,0,7,143
2879,021300,0,1,9
2881,021304,0,7,17
2881,021304,0,5,14
2882,021308,0,7,25
2883,021308,0,7,22
2884,021312,0,2,48
2885,021317,0,7,51
2886,021317,1,7,51
2887,021326,0,2,30
2888,021330,0,2,30
2889,021334,0,7,36
2890,021336,0,2,30
2891,021350,0,7,9
2892,021407,0,7,135
2894,021409,0,5,140
2894,021409,0,7,75
2895,021412,0,7,50
2896,021413,0,2,38
2897,021414,0,5,37
2898,021421,0,7,72
2899,021424,0,7,49
2900,021426,0,2,74
2901,021429,0,7,24
2903,021430,0,5,151
2903,021430,0,7,73
2904,021432,0,2,49
2905,021435,0,5,25
2906,021437,0,2,29
2907,021439,0,7,73
2908,021439,0,5,21
2909,021440,0,2,30
2911,021442,0,2,24
2912,021443,0,3,24
2913,021444,0,5,29
2915,021445,0,7,30
2915,021445,0,5,30
2915,021445,0,5,3
2916,021448,0,2,37
2917,021454,0,7,29
2918,021455,0,2,37
2919,021456,0,2,18
2920,021458,0,7,29
2922,021502,0,5,30
2923,021503,0,2,30
2923,021503,0,7,6
2924,021506,0,3,50
2925,021506,0,7,6
2926,021514,0,2,49
2927,021520,0,7,72
2928,021522,0,7,49
2929,021523,0,5,9
2930,021524,0,2,36
2931,021528,0,7,48
2932,021533,0,2,30
2933,021534,0,2,50
2934,021535,0,2,49
2935,021538,0,2,51
2936,021543,0,2,49
2937,021546,0,2,49
2938,021608,0,3,1
2939,021621,0,7,37
2940,021634,0,2,7
2941,021712,0,2,50
2942,021721,0,2,10
2943,021731,1,3,21
2944,021739,0,2,47
2945,021740,0,2,51
2946,021741,0,2,48
2947,021742,0,7,51
2948,021742,1,2,48
2949,021742,1,2,47
2950,021743,0,7,71
2952,021744,0,7,50
2952,021744,0,2,24
2953,021745,0,2,50
2956,021747,0,2,51
2956,021747,0,2,37
2958,021748,0,5,126
2958,021748,0,2,28
2959,021749,0,2,29
2960,021749,0,2,36
2961,021751,0,7,36
2962,021753,0,7,36
2963,021754,1,3,37
2964,021754,0,2,29
2965,021755,0,2,25
2966,021759,0,7,50
2966,021759,0,5,24
2969,021801,0,7,168
2969,021801,0,5,37
2970,021803,0,2,30
2972,021805,0,7,37
2972,021805,0,7,11
2973,021806,0,7,156
2974,021806,0,7,16
2975,021807,0,7,138
2976,021807,0,5,72
2977,021807,0,7,147
2978,021807,0,2,24
2979,021809,0,5,3
2980,021812,0,7,47
2980,021812,0,7,15
2981,021812,0,2,24
2982,021815,0,3,21
2984,021817,1,5,49655
2984,021817,0,2,16
2985,021820,0,2,29
2986,021822,0,3,37
2987,021827,0,2,37
2988,021828,0,2,37
2989,021830,0,7,30
2990,021840,0,5,25
2991,021841,1,2,38
2992,021843,1,2,37
2993,021853,0,7,52
2994,021900,0,2,30
2995,021910,0,1,7
2996,021912,0,3,9
2997,021921,0,2,25
2998,021952,0,2,51
2999,021958,0,2,49
3000,022002,0,2,50
3001,022004,0,7,30
3002,022008,0,5,11
3003,022017,0,2,50
3004,022017,1,1,37
3005,022019,1,2,49
3006,022027,0,3,73
3007,022030,0,3,38
3009,022033,0,2,49
3010,022033,0,2,50
3010,022033,0,1,19
3011,022041,0,2,49
3012,022042,0,2,36
3013,022045,0,2,38
3014,022046,0,2,49
3015,022048,0,7,49
3016,022049,0,7,49
3017,022052,0,7,25
3019,022054,0,7,150
3020,022054,0,5,74
3020,022054,0,3,49
3021,022055,0,2,49
3022,022056,0,2,50
3024,022103,0,5,137
3024,022103,0,7,75
3025,022105,0,7,49
3026,022106,0,7,159
3027,022107,0,7,38
3028,022109,0,2,38
3029,022110,0,7,9
3030,022118,0,7,50
3031,022118,0,7,153
3032,022119,0,2,7
3033,022227,0,2,38
3034,022228,0,2,25
3035,022240,0,7,30
3036,022241,0,2,37
3037,022242,0,2,50
3038,022243,0,2,49
3039,022244,0,2,49
3040,022246,0,2,51
3041,022248,0,7,38
3043,022250,0,2,74
3043,022250,0,7,1
3044,022257,0,2,48
3045,022257,0,2,48
3046,022302,0,5,52
3047,022313,0,2,50
3048,022316,0,2,74
3049,022319,0,2,75
3051,022328,0,5,51
3053,022331,0,5,140
3053,022331,0,7,74
3053,022331,0,7,3