1,000050,0,2,21
2,000051,1,2,21
3,000052,0,2,19
4,000055,0,2,21
5,000101,0,2,22
6,000109,1,3,22
7,000114,1,2,19
8,000118,1,2,17
9,000119,1,2,17
10,000123,1,2,17
11,000125,1,2,15
12,000127,1,7,19
13,000132,0,2,21
15,000135,0,2,141
15,000135,0,7,75
17,000137,0,2,30
17,000137,0,7,8
19,000141,0,2,25
19,000141,0,7,19
20,000144,0,3,24
21,000149,0,2,19
22,000201,0,2,19
23,000208,0,7,15
24,000226,1,2,30
25,000226,1,2,171
26,000227,0,3,21
28,000230,0,2,19
29,000231,1,3,19
29,000231,0,3,4
30,000239,1,2,21
31,000243,0,2,30
32,000246,0,2,25
34,000248,1,2,30
34,000248,1,2,22
35,000248,0,2,21
37,000251,0,2,37
37,000251,0,2,21
38,000253,0,2,21
39,000254,0,2,17
40,000302,1,3,25
41,000327,1,2,21
43,000336,1,3,38
43,000336,1,5,21
44,000343,0,2,15
45,000345,0,7,22
47,000405,0,2,52
47,000405,0,7,6
48,000407,0,7,19
49,000409,0,5,25
51,000452,0,5,38
51,000452,0,5,30
52,000454,1,2,19
54,000458,1,2,25
56,000500,1,2,17
57,000501,0,7,21
57,000501,0,7,3
57,000501,0,7,2
59,000520,0,2,39130
59,000520,0,2,25
61,000521,0,2,38
62,000522,1,2,19
63,000523,1,2,19
64,000524,0,2,22
65,000526,0,5,15
65,000526,0,7,6
66,000528,0,7,21
67,000532,0,2,21
68,000532,0,2,21
69,000535,0,7,25
70,000536,0,7,29
71,000542,0,2,19
72,000601,1,3,25
73,000603,1,2,30
74,000604,0,2,25
75,000608,1,2,21
76,000609,1,2,19
77,000611,1,2,21
78,000612,1,2,21
79,000614,1,2,19
80,000616,1,2,21
81,000616,0,2,14
82,000618,0,2,14
84,000622,1,2,24
84,000622,1,5,17
85,000623,1,2,17
86,000707,1,2,21
87,000717,1,3,22
89,000719,0,2,37
89,000719,0,7,18
91,000723,0,2,38
91,000723,0,5,21
92,000724,0,2,21
94,000727,0,5,150
94,000727,0,7,38
95,000729,0,2,17
96,000731,1,2,17
97,000732,1,2,17
98,000734,0,2,19
99,000736,0,2,22
100,000739,1,2,21
101,000746,1,2,22
102,000752,1,2,30
104,000755,0,2,21
105,000758,1,2,19
105,000758,1,5,3
107,000807,0,2,51
107,000807,0,5,7
108,000809,0,2,19
109,000810,0,2,29
110,000811,0,2,25
111,000812,0,3,24
112,000814,1,2,25
113,000816,1,2,25
114,000818,1,7,25
115,000819,0,2,30
116,000822,0,2,21
117,000833,1,3,25
118,000836,1,2,21
119,000837,1,2,19
120,000841,1,2,22
121,000852,0,3,76
122,000905,1,2,21
123,000909,1,7,19
124,000927,1,5,17
125,000932,0,5,22
126,000945,1,2,30
128,000950,1,2,37
128,000950,1,7,37
129,000952,0,7,25
130,000954,1,2,21
131,000954,1,2,25
132,000955,0,2,19
133,000957,0,2,21
134,001003,0,5,19
135,001012,0,5,22
136,001023,1,2,21
137,001026,0,2,18
138,001026,0,5,26
139,001029,0,2,22
140,001031,1,2,21
141,001045,1,3,19
142,001051,0,7,21
143,001053,0,7,30
144,001059,0,5,22
145,001107,0,2,21
147,001111,1,2,19
147,001111,1,3,19
148,001112,0,2,16
151,001113,0,5,76
151,001113,0,7,38
151,001113,0,2,19
152,001117,1,2,21
153,001120,0,2,22
154,001126,1,3,19
155,001127,1,7,22
156,001129,1,7,14
157,001133,0,7,21
159,001136,0,2,51
159,001136,0,7,6
160,001139,0,2,31
161,001141,0,2,21
162,001141,0,2,21
163,001142,0,2,21
164,001143,1,2,21
165,001143,1,2,19
166,001144,1,2,25
167,001147,0,2,19
168,001151,1,5,19
169,001153,0,5,12
171,001227,0,7,77
173,001229,0,2,30
174,001232,0,2,25
174,001232,0,5,12
175,001233,0,3,141
176,001234,0,2,25
176,001234,0,7,5
177,001247,1,7,25
178,001251,0,2,25
179,001257,1,2,25
180,001306,1,2,17
181,001309,1,2,25
182,001312,1,2,19
183,001313,1,2,21
184,001335,1,1,12
185,001336,1,3,22
186,001338,0,2,30
187,001339,0,2,22
189,001341,1,2,30
189,001341,1,2,21
190,001342,0,5,25
191,001343,0,2,29
192,001345,1,2,18
193,001345,1,2,19
194,001346,0,5,21
195,001347,0,2,19
196,001348,0,2,25
197,001412,0,7,30
198,001418,1,2,22
200,001419,0,5,51
200,001419,0,7,21
201,001423,1,3,18
202,001426,1,2,19
203,001427,0,2,21
204,001429,0,3,74
205,001433,0,2,22
206,001436,0,5,21
208,001438,0,7,51
208,001438,0,5,22
209,001440,1,2,24
210,001441,1,2,21
211,001443,1,2,19
212,001446,1,5,13
213,001451,0,2,26
214,001453,1,2,25
215,001456,1,2,25
216,001500,1,2,25
219,001502,0,2,154
219,001502,0,7,73
219,001502,1,2,51
222,001503,1,2,50
222,001503,1,2,16
223,001505,0,3,24
225,001507,1,7,25
225,001507,1,2,16
226,001507,1,3,21
227,001508,1,3,29
229,001508,0,5,48
229,001508,0,2,24
229,001508,0,7,24
230,001510,0,2,15
231,001514,0,2,19
232,001524,1,3,25
233,001525,0,3,30
234,001526,1,3,25
236,001529,1,2,76
236,001529,0,2,22
237,001532,0,2,25
238,001535,0,5,21
241,001537,0,5,51
241,001537,0,7,38
242,001537,0,7,145
242,001537,0,2,143
243,001538,0,2,19
244,001557,1,2,22
245,001606,0,5,19
248,001617,0,2,48
248,001617,0,2,25
248,001617,0,7,21
249,001621,1,2,19
250,001622,0,2,19
251,001629,1,2,21
252,001633,1,2,22
253,001634,1,2,17
254,001635,1,2,17
255,001638,0,2,17
256,001650,0,3,73
257,001657,1,2,21
259,001703,0,3,29
259,001703,0,1,7
260,001707,1,2,25
261,001709,1,2,25
262,001712,0,2,21
263,001715,1,2,21
264,001724,1,2,25
265,001725,0,2,25
267,001728,1,2,50
268,001729,0,7,146
268,001729,0,2,19
270,001730,0,2,25
272,001732,0,7,49
272,001732,0,7,15
274,001734,0,2,73
274,001734,0,2,21
275,001736,0,7,21
275,001736,0,2,15
276,001736,0,2,21
277,001740,0,2,25
278,001749,1,2,25
279,001751,0,2,21
280,001754,0,2,18
281,001801,1,2,25
282,001803,0,2,25
284,001805,1,2,25
284,001805,1,2,25
285,001808,0,2,19
287,001811,1,2,30
287,001811,1,7,18
288,001811,0,7,14
289,001813,1,2,17
290,001815,0,2,14
292,001837,0,2,39
292,001837,0,7,19
293,001840,0,2,19
294,001843,1,2,19
295,001844,1,2,19
296,001847,0,5,25
297,001855,1,3,29
298,001900,1,2,22
299,001902,0,2,19
300,001904,1,2,21
301,001905,0,2,21
302,001906,0,2,18
303,001908,1,2,21
304,001914,1,2,30
305,001918,1,2,25
306,001921,1,2,25
307,001923,0,2,30
309,001924,0,2,37
309,001924,0,7,31
310,001926,0,2,25
311,001931,1,2,21
312,001932,1,2,21
314,001936,0,2,141
314,001936,0,7,50
315,001941,0,5,21
316,001946,0,3,25
317,001950,1,2,25
318,001952,1,2,19
319,001953,1,3,25
320,002005,0,7,37
321,002011,1,5,19
323,002014,0,2,30
323,002014,0,7,19
324,002017,1,3,21
325,002018,1,2,25
326,002023,1,5,17
328,002034,0,2,30
328,002034,0,2,25
329,002039,1,2,25
330,002055,0,1,19
331,002057,1,3,75
332,002059,1,3,21
334,002105,0,2,37
334,002105,0,7,25
335,002107,0,2,21
336,002107,0,2,19
337,002111,0,2,21
338,002117,0,1,1
339,002126,0,2,21
340,002128,1,2,19
341,002128,0,2,19
342,002133,1,2,25
343,002140,0,2,25
344,002143,0,2,21
345,002145,0,7,30
346,002146,0,2,30
347,002146,0,2,25
348,002202,0,2,22
349,002209,0,5,159
350,002216,1,2,21
351,002217,1,2,21
352,002218,0,2,25
355,002220,0,2,76
355,002220,0,7,37
355,002220,0,2,21
356,002221,0,2,17
357,002223,0,2,18
358,002223,1,2,16
359,002224,0,7,21
360,002227,1,2,21
362,002232,0,7,147
362,002232,0,7,21
364,002236,0,7,36
364,002236,0,7,15
365,002237,0,2,15
366,002239,0,2,13
367,002245,1,5,19
370,002247,1,2,25
370,002247,1,5,25
370,002247,1,7,19
371,002251,1,2,25
372,002255,1,2,25
373,002256,0,2,21
374,002257,0,2,21
375,002259,0,2,21
376,002315,1,2,25
377,002324,0,5,19
378,002328,1,2,21
379,002329,1,7,21
380,002334,1,2,21
381,002335,0,2,17
383,002336,1,2,18
383,002336,1,2,16
384,002338,0,3,15
385,002339,0,5,19
386,002340,0,7,10
388,002343,0,2,37
389,002343,0,2,50
389,002343,0,2,25
390,002345,0,2,19
391,002347,0,7,19
392,002403,1,2,21
393,002404,1,2,19
394,002405,1,2,19
395,002406,1,2,19
397,002408,0,5,25
397,002408,0,2,19
399,002421,1,2,50
399,002421,1,7,14
401,002425,0,2,21
401,002425,0,5,1
402,002439,1,3,21
404,002444,1,3,30
404,002444,1,2,21
405,002449,1,7,25
406,002459,1,2,25
407,002501,0,2,25
408,002504,1,2,19
409,002505,1,2,19
410,002507,0,2,19
412,002508,1,2,30
412,002508,1,5,19
414,002511,1,7,19
414,002511,1,5,17
415,002512,0,2,21
416,002512,1,2,19
417,002513,0,5,1
418,002553,1,2,30
419,002554,1,3,25
421,002558,1,2,29
421,002558,1,2,19
422,002559,1,3,17
423,002559,1,2,21
424,002600,0,2,18
425,002604,1,2,19
426,002605,0,7,19
427,002606,0,2,76
428,002607,1,2,17
429,002609,0,5,25
430,002631,1,2,25
431,002647,0,7,21
432,002649,1,2,21
433,002651,1,2,25
434,002703,0,2,17
435,002704,0,5,17
436,002711,0,3,15
437,002712,1,2,25
440,002714,0,2,12721
441,002714,0,2,74
441,002714,0,2,21
441,002714,0,7,12
442,002723,1,2,22
443,002729,1,2,22
445,002733,0,2,49
445,002733,1,7,14
447,002734,0,2,30
447,002734,0,2,19
448,002737,0,2,18
450,002739,0,2,49
450,002739,0,7,1
451,002750,1,2,22
452,002822,1,3,25
454,002824,1,2,149
456,002825,0,2,52
457,002829,0,2,19
457,002829,1,7,5
458,002831,0,7,156
458,002831,1,2,19
459,002832,0,2,21
461,002834,0,2,21
462,002836,1,2,25
463,002836,0,2,19
463,002836,0,3,3
464,002840,1,2,19
465,002848,1,2,19
466,002854,0,7,17
467,002859,1,2,21
468,002900,0,2,26
469,002905,1,2,22
470,002906,0,2,18
471,002908,1,2,21
473,002911,1,7,25
474,002912,0,3,21
475,002913,1,2,19
476,002914,1,2,21
476,002914,1,5,2
477,002921,1,2,30
478,002933,1,5,17
479,002942,1,2,25
480,002943,0,2,25
481,002944,0,2,21
483,002947,0,2,21
485,002949,0,2,21
485,002949,0,2,21
486,002951,1,2,21
486,002951,1,1,7
488,003001,0,5,38
488,003001,1,7,1
490,003007,1,2,30
491,003012,0,7,22
491,003012,0,5,17
492,003014,0,7,18
493,003015,1,5,25
495,003016,0,2,30
496,003019,0,7,9
496,003019,0,5,9
498,003039,1,2,50
498,003039,1,2,25
499,003041,1,2,21
500,003050,0,5,15
501,003102,0,2,19
503,003113,0,7,25
503,003113,1,2,16
504,003115,0,2,17
505,003126,1,2,22
506,003135,1,2,25
508,003136,0,2,73
509,003141,1,7,30
509,003141,1,2,17
510,003142,0,7,19
511,003153,1,3,25
512,003155,1,2,21
513,003159,1,2,22
514,003202,0,2,19
515,003203,0,2,21
516,003209,0,5,22
517,003218,1,2,21
519,003220,0,2,76
519,003220,0,7,30
520,003222,1,3,25
521,003224,1,2,21
522,003227,0,7,8
524,003229,0,5,156
524,003229,0,7,154
525,003232,0,2,19
527,003236,1,2,31
528,003237,0,7,21
530,003240,1,2,159
530,003240,1,7,51
530,003240,0,2,22
531,003242,1,2,18
532,003249,1,2,21
533,003249,1,3,25
535,003251,0,3,30
535,003251,0,2,25
536,003254,1,2,19
537,003256,0,2,19
538,003259,0,2,17
539,003301,1,2,17
540,003321,1,2,21
541,003333,0,7,30
542,003336,1,2,22
543,003337,1,7,50
544,003338,1,3,25
545,003339,1,2,21
547,003339,0,5,38
547,003339,0,7,12
549,003342,0,2,73
550,003342,0,2,18
551,003343,0,2,19
552,003345,0,2,16
553,003346,0,2,21
555,003348,0,2,21
555,003348,0,7,17
555,003348,0,7,3
556,003353,0,2,19
557,003407,0,2,30
558,003408,1,3,25
560,003409,1,2,25
560,003409,1,7,6
561,003411,0,2,21
562,003412,0,7,25
563,003413,0,3,21
565,003414,0,2,52
565,003414,0,7,19
567,003417,0,5,38
567,003417,0,7,30
568,003418,0,7,25
569,003420,1,7,19
570,003421,1,2,21
571,003421,0,2,17
573,003423,0,5,37
573,003423,0,7,24
574,003424,0,5,17
575,003425,1,2,17
577,003426,1,2,29
578,003427,0,2,17
578,003427,0,7,1
579,003442,1,5,17
581,003451,1,2,25
582,003452,1,2,21
583,003453,0,2,21
583,003453,0,3,4
584,003458,1,2,22
586,003500,0,5,19
586,003500,0,7,13
587,003507,1,3,30
588,003509,0,7,19
589,003511,0,3,19
590,003517,1,2,19
591,003518,0,2,25
592,003521,1,2,22
593,003524,1,2,21
594,003532,0,5,21
595,003535,0,2,25
596,003556,1,2,19
597,003559,1,2,21
598,003617,1,2,25
599,003624,1,2,18
600,003624,0,2,22
601,003626,0,2,21
602,003628,0,2,17
603,003630,0,2,15
604,003632,1,2,25
605,003632,1,2,17
607,003638,0,2,17
607,003638,0,3,5
608,003651,1,3,25
609,003654,1,2,25
610,003656,0,2,25
611,003658,1,2,21
612,003659,1,2,25
613,003700,1,2,30
614,003701,0,2,21
615,003703,0,2,21
616,003705,1,2,21
617,003725,0,5,25
619,003752,0,2,76
619,003752,0,7,50
620,003754,0,2,19
622,003756,0,2,166
622,003756,0,7,77
623,003756,0,2,19
624,003758,0,2,19
625,003802,1,2,21
626,003802,0,2,18
628,003818,0,2,21
628,003818,0,1,4
629,003835,0,2,25
630,003842,1,2,25
631,003901,1,2,21
632,003903,0,2,19
634,003905,0,5,75
634,003905,0,2,37
635,003910,0,2,19
636,003911,0,2,19
637,003913,0,7,19
638,003915,1,2,19
639,003916,0,2,17
640,003918,0,5,22
641,003933,1,3,37
642,003934,0,5,25
643,003935,0,3,25
644,003939,1,2,21
645,003940,1,2,25
646,003941,1,2,21
647,003943,1,2,25
648,003944,0,2,22
649,003947,0,7,25
650,003953,1,2,18
651,004010,1,2,21
652,004020,0,3,50
653,004022,1,3,22
656,004024,0,2,76
656,004024,0,2,38
656,004024,0,7,11
657,004027,0,2,21
658,004029,1,2,30
660,004030,0,2,139
660,004030,0,7,74
661,004031,0,2,19
662,004032,0,2,21
663,004033,0,2,19
664,004038,0,7,19
665,004040,1,2,14
666,004041,0,2,15
668,004043,1,2,10976
668,004043,1,7,16
669,004045,0,2,15
670,004048,0,2,15
671,004054,1,5,19
672,004057,1,3,19
674,004059,0,2,30
675,004100,0,2,19
675,004100,1,7,7
676,004102,0,2,21
678,004104,0,5,30
679,004108,1,5,17
680,004108,1,2,15
680,004108,1,7,6
681,004113,0,5,22
683,004123,1,5,38
684,004124,0,2,22
684,004124,1,7,4
685,004126,1,2,17
686,004149,1,2,19
687,004152,1,2,19
688,004157,1,2,21
689,004158,1,2,21
690,004201,0,2,19
691,004202,0,7,25
692,004204,1,2,19
693,004206,0,2,19
694,004219,1,3,25
695,004223,1,2,21
696,004224,0,7,21
698,004226,0,5,37
700,004227,0,2,38
700,004227,0,2,25
701,004230,1,2,21
701,004230,1,7,11
703,004231,1,2,25
704,004231,1,2,74
704,004231,1,2,21
705,004234,1,7,19
707,004235,0,2,25
708,004236,0,5,160
709,004236,1,7,163
709,004236,1,2,160
710,004237,0,7,25
712,004239,0,2,146
712,004239,0,7,38
715,004242,0,7,14487
715,004242,0,5,144
715,004242,0,3,24
716,004242,0,2,21
717,004247,1,2,19
718,004309,0,2,21
719,004314,0,7,21
720,004316,0,2,25
721,004318,1,2,21
722,004319,1,3,22
724,004321,0,2,49
724,004321,0,7,30
726,004325,0,2,136
727,004330,1,2,17
728,004331,0,5,70
729,004331,0,2,37
729,004331,0,7,5
730,004337,1,2,22
731,004337,0,2,16
733,004339,0,2,38
734,004340,1,2,21
734,004340,1,7,12
736,004354,0,2,38
736,004354,0,7,2
738,004428,1,2,30
739,004432,1,2,21
740,004432,1,2,21
741,004433,0,2,25
741,004433,0,7,8
742,004435,0,2,19
744,004438,0,2,25
744,004438,1,7,19
746,004439,1,7,146
746,004439,1,2,25
747,004444,0,7,19
748,004446,1,2,17
749,004502,0,5,24
751,004504,1,3,37
751,004504,1,2,21
752,004505,1,2,21
754,004506,0,3,49
755,004506,0,3,150
755,004506,0,2,24
756,004508,1,2,25
757,004508,1,5,21
758,004511,0,2,18
759,004512,0,2,16
761,004513,0,3,145
761,004513,0,2,15
764,004515,1,7,73
764,004515,1,5,72
764,004515,0,2,21
766,004516,1,2,47
766,004516,1,2,21
767,004518,0,2,25
768,004519,0,2,21
769,004521,0,7,21
770,004523,1,3,19
771,004540,0,5,21
772,004547,0,3,30
773,004552,1,2,22
774,004553,1,2,25
775,004555,1,3,21
777,004556,1,2,37
777,004556,1,7,25
778,004558,0,7,21
779,004559,1,2,19
780,004559,0,2,21
781,004601,0,2,18
782,004601,0,2,22
783,004603,1,5,12
785,004605,0,2,30
785,004605,0,7,21
788,004606,0,2,148
788,004606,0,2,17
789,004612,0,7,19
789,004612,0,2,17
790,004613,0,2,19
791,004614,0,2,16
792,004630,1,2,21
793,004630,0,2,19
795,004636,0,7,11
795,004636,0,3,3
796,004646,1,2,31
797,004655,0,2,19
798,004659,1,5,21
799,004713,1,3,25
800,004714,1,3,25
801,004716,0,2,25
802,004718,0,2,21
803,004720,1,2,21
805,004721,0,7,37
806,004723,0,2,25
807,004725,0,2,19
808,004726,1,2,25
808,004726,1,5,12
810,004728,0,7,21
810,004728,1,7,5
812,004730,1,2,29
812,004730,1,2,21
813,004730,1,2,16
814,004731,1,2,16
815,004731,1,2,21
817,004733,0,2,18
818,004735,0,7,19
819,004736,0,5,19
819,004736,0,3,3
820,004748,1,3,38
821,004756,1,2,19
823,004757,0,2,38
824,004757,1,2,21
825,004758,1,2,21
827,004759,1,2,21
827,004759,1,3,21
828,004759,1,2,18
828,004759,0,7,7
829,004801,0,2,24
830,004801,0,2,21
831,004803,0,2,22
832,004807,1,7,1
834,004814,1,2,30
834,004814,1,2,19
835,004816,0,2,19
836,004817,1,2,25
837,004819,0,2,21
838,004841,1,2,25
839,004847,0,5,21
840,004850,0,2,21
841,004902,0,5,25
842,004907,1,2,21
843,004912,1,2,30
844,004915,0,2,22
845,004925,1,2,22
847,004947,1,5,29
847,004947,1,2,21
848,004950,1,2,17
849,005004,1,3,21
850,005004,1,2,25
851,005008,1,2,22
852,005009,0,7,21
853,005009,0,2,143
855,005011,1,2,37
855,005011,1,2,21
857,005013,0,5,38
857,005013,0,2,19
859,005015,0,2,77
859,005015,0,2,25
861,005016,0,3,16
862,005017,0,2,16
863,005018,0,2,19
863,005018,1,1,2
864,005022,1,2,19
865,005023,0,2,19
866,005032,1,3,21
867,005040,1,2,25
868,005042,1,2,25
869,005043,0,2,30
870,005044,0,3,30
871,005047,1,2,17
873,005048,1,2,49
873,005048,1,2,19
874,005049,0,2,21
875,005051,0,3,21
876,005051,0,2,16
877,005053,1,2,18
879,005054,1,2,51
879,005054,1,2,15
881,005055,1,2,36
882,005055,1,2,29
882,005055,0,2,13
884,005056,0,7,123
884,005056,0,5,18
885,005057,0,2,18
887,005058,0,7,25
887,005058,0,2,21
888,005058,0,2,14
889,005059,1,2,14
890,005100,1,2,15
891,005101,0,2,12
892,005103,1,2,10
895,005105,1,2,36
895,005105,1,7,28
895,005105,1,2,24
896,005106,0,7,7
897,005110,0,2,13
899,005111,1,7,150
899,005111,0,5,11
900,005112,0,2,13
901,005116,1,2,19
902,005118,0,2,19
903,005118,0,2,16
905,005120,1,2,37
905,005120,0,2,15
906,005129,0,2,19
907,005131,0,5,19
909,005135,0,2,75
910,005135,0,2,50
910,005135,1,7,14
911,005137,0,2,21
913,005140,1,7,14
915,005141,0,5,36
915,005141,0,7,3
915,005141,0,3,2
917,005200,0,3,158
918,005201,1,3,25
919,005205,1,2,21
919,005205,1,3,18
920,005206,1,2,19
921,005207,0,2,16
923,005208,0,2,21
924,005209,0,2,21
925,005210,1,2,19
926,005211,0,7,144
927,005212,0,7,30
927,005212,0,5,16
929,005219,0,2,17
930,005219,0,7,164
930,005219,0,2,161
931,005223,0,5,19
932,005229,1,2,25
934,005237,0,5,49
934,005237,0,7,38
935,005250,1,3,38
936,005252,1,2,21
937,005254,0,2,25
938,005255,0,2,21
939,005257,1,2,25
940,005257,0,2,22
941,005300,0,2,19
943,005302,0,2,38
943,005302,0,2,19
944,005303,0,2,25
945,005305,0,3,21
946,005311,1,3,25
947,005328,1,2,25
948,005328,1,2,17
949,005331,0,5,22
950,005336,1,3,30
952,005338,0,3,30
952,005338,0,7,19
953,005340,1,2,17
955,005341,1,2,75
955,005341,1,3,18
956,005342,1,2,19
957,005344,1,2,21
958,005346,0,2,25
959,005349,0,2,147
961,005349,0,2,49
961,005349,0,7,9
963,005351,0,2,155
964,005353,0,2,21
964,005353,0,7,2
965,005411,0,5,25
966,005413,1,2,25
967,005416,1,3,31
968,005418,1,2,22
969,005419,1,2,18
971,005420,0,5,74
971,005420,0,7,37
972,005422,0,3,21
973,005425,1,7,30
974,005425,0,3,19
976,005428,0,2,38
976,005428,0,7,19
977,005430,0,2,17
978,005446,1,2,19
979,005448,0,2,15
980,005449,0,2,24
981,005449,0,2,18
982,005452,1,3,19
983,005453,0,7,21
985,005453,0,2,36
986,005454,0,2,25
986,005454,0,7,16
987,005455,0,2,21
989,005459,0,2,38
989,005459,0,7,31
990,005508,1,3,25
991,005510,1,2,22
992,005523,1,2,26
993,005528,0,7,7
994,005533,0,2,19
995,005545,1,5,17
996,005546,1,2,19
997,005547,1,2,16
998,005548,0,2,21
999,005549,1,2,16
1000,005549,1,2,21
1002,005551,0,2,74
1002,005551,0,7,24
1004,005552,0,2,18
1004,005552,0,2,18
1005,005552,0,2,21
1006,005554,1,2,21
1007,005555,0,2,15
1008,005559,0,7,19
1010,005608,0,7,36
1010,005608,0,2,29
1011,005614,1,3,25
1012,005618,1,2,21
1013,005619,0,2,21
1014,005621,0,3,18
1016,005622,0,2,50
1016,005622,0,7,25
1018,005624,1,2,38
1020,005624,0,2,37
1021,005625,0,2,17
1021,005625,1,7,6
1022,005627,0,7,18
1023,005627,1,2,148
1024,005627,0,2,25
1024,005627,0,7,3
1025,005632,1,2,26
1026,005635,1,2,22
1027,005641,1,2,22
1028,005643,1,3,25
1029,005644,1,2,19
1030,005644,0,2,19
1031,005702,0,3,21
1032,005709,1,2,19
1033,005710,0,2,22
1035,005712,0,2,49
1035,005712,0,2,25
1036,005712,1,2,19
1037,005713,1,2,21
1039,005714,0,5,37
1039,005714,0,7,19
1040,005716,1,7,21
1041,005716,1,2,21
1042,005717,0,2,21
1043,005717,0,2,18
1045,005719,1,2,25
1045,005719,0,2,16
1046,005720,1,2,19
1047,005721,0,2,17
1048,005724,0,2,19
1050,005727,1,7,22
1050,005727,0,5,19
1051,005730,1,2,15
1052,005739,1,2,25
1053,005740,0,3,74
1055,005741,1,2,50
1055,005741,1,2,25
1056,005744,0,3,16
1057,005744,0,2,25
1059,005745,0,2,37
1059,005745,0,7,6
1060,005748,1,2,19
1061,005749,1,2,21
1062,005802,1,3,15
1063,005804,1,3,19
1064,005810,1,2,21
1066,005814,1,2,25
1067,005815,1,3,19
1069,005817,1,2,50
1069,005817,1,2,21
1069,005817,1,1,21
1070,005827,1,3,30
1071,005828,1,3,30
1073,005834,1,2,51
1075,005834,0,2,141
1075,005834,1,2,21
1077,005835,0,7,29
1078,005835,0,2,76
1078,005835,1,7,24
1080,005836,0,2,21
1081,005837,1,2,21
1082,005838,0,2,16
1083,005839,0,7,38
1083,005839,0,2,30
1083,005839,0,7,2
1084,005843,0,7,17
1086,005846,0,7,24
1087,005847,0,2,17
1087,005847,0,5,2
1089,005903,0,7,37
1089,005903,0,1,8
1090,005905,0,7,30
1093,005907,0,2,30
1094,005909,0,2,18
1094,005909,0,7,2
1094,005909,0,7,2
1095,005926,1,2,22
1096,005930,1,2,22
1097,005931,1,2,25
1099,005933,1,7,37696
1099,005933,0,2,25
1100,005933,0,2,21
1101,005935,0,2,21
1102,005938,1,2,22
1103,005939,0,2,19
1104,005946,0,7,21
1105,005948,1,7,19
1106,010002,0,2,18
1107,010005,1,2,21
1108,010007,0,7,21
1109,010015,0,2,18
1110,010015,0,5,22
1111,010031,1,3,30
1112,010034,0,7,21
1113,010036,1,2,17
1115,010037,1,2,25
1115,010037,0,2,19
1117,010038,1,2,75
1117,010038,1,2,18
1118,010038,1,2,21
1120,010040,1,2,36
1120,010040,1,2,21
1123,010041,1,2,76
1123,010041,1,3,21
1125,010042,1,2,131
1127,010042,0,7,162
1127,010042,0,2,73
1129,010042,0,2,46
1129,010042,0,5,28
1129,010042,0,7,24
1130,010043,0,2,18
1131,010044,0,2,16
1132,010045,0,2,21
1132,010045,0,7,4
1133,010055,0,3,140
1134,010108,1,2,22
1135,010112,1,2,22
1136,010120,1,2,22
1137,010121,1,3,21
1138,010123,0,2,22
1139,010124,1,2,21
1140,010125,1,2,19
1141,010127,0,2,21
1143,010139,0,2,38
1143,010139,0,7,19
1144,010141,0,5,14
1145,010144,1,2,21
1146,010146,0,2,19
1147,010148,0,7,19
1148,010148,0,2,141
1149,010150,1,3,22
1150,010151,0,2,21
1151,010152,1,2,25
1152,010155,1,2,22
1153,010157,0,7,25
1154,010159,1,2,21
1155,010201,0,2,19
1156,010206,1,2,21
1157,010211,1,2,30
1158,010213,1,2,30
1160,010219,1,5,30
1160,010219,1,7,25
1161,010220,0,2,38
1162,010222,0,2,25
1163,010225,1,2,21
1165,010226,1,7,142
1165,010226,1,2,75
1166,010227,0,2,29
1167,010229,0,5,17
1169,010233,0,2,25
1169,010233,0,7,5
1170,010236,1,2,19
1171,010244,0,5,22
1173,010246,0,3,37
1173,010246,1,3,21
1174,010247,1,2,18
1176,010248,0,2,25
1176,010248,0,2,18
1178,010248,1,2,21
1178,010248,1,5,21
1180,010249,0,2,24
1180,010249,0,2,21
1181,010251,0,2,18
1182,010254,1,2,17
1184,010255,0,5,51
1184,010255,0,7,51
1185,010257,0,2,17
1186,010259,1,2,17
1188,010301,0,2,24
1189,010302,1,2,19
1189,010302,0,7,3
1190,010316,1,3,26
1191,010321,1,2,21
1192,010322,0,2,18
1193,010325,1,7,19
1194,010328,1,2,21
1195,010328,0,2,17
1196,010334,0,2,25
1197,010337,1,2,17
1198,010338,0,2,22
1199,010342,0,3,4
1200,010401,1,3,25
1201,010403,0,3,25
1202,010405,0,3,25
1203,010407,1,7,21
1204,010408,1,3,18
1207,010409,0,2,50
1207,010409,0,2,30
1208,010410,1,2,25
1209,010412,0,2,19
1210,010413,0,2,25
1211,010414,0,2,21
1211,010414,0,7,9
1213,010416,0,7,39344
1213,010416,0,2,25
1214,010418,0,3,21
1215,010420,0,2,17
1216,010424,1,2,16
1217,010425,1,2,19
1218,010441,1,2,22
1220,010444,1,2,37
1221,010444,1,7,46154
1222,010444,0,7,159
1222,010444,0,2,156
1223,010444,1,2,19
1224,010445,1,2,21
1225,010445,1,2,18
1226,010447,1,3,18
1228,010448,1,2,152
1228,010448,0,2,19
1229,010449,0,2,21
1230,010450,0,2,21
1231,010451,1,2,16
1232,010453,1,2,25
1233,010458,0,7,22
1234,010505,1,2,21
1236,010511,0,2,74
1236,010511,1,7,30
1238,010512,0,3,51
1238,010512,0,7,30
1239,010513,0,2,19
1240,010515,0,3,29
1242,010521,1,2,25
1242,010521,1,7,19
1243,010531,0,3,149
1246,010534,1,2,158
1246,010534,0,5,17
1247,010536,1,2,16
1248,010537,1,3,37
1248,010537,1,2,19
1249,010539,0,2,25
1250,010541,0,7,19
1251,010546,0,2,15
1253,010607,0,2,38
1254,010608,0,2,21
1254,010608,0,7,8
1256,010610,1,3,48000
1256,010610,1,2,21
1258,010610,1,3,52
1258,010610,0,2,21
1259,010611,1,2,21
1260,010612,1,2,21
1261,010613,0,2,17
1262,010615,0,2,19
1263,010617,0,2,19
1264,010619,1,2,21
1265,010624,1,2,17
1266,010630,1,2,26
1267,010632,0,2,25
1268,010634,0,2,21
1269,010636,1,2,21
1270,010656,1,2,21
1271,010657,1,2,25
1272,010706,0,7,22
1273,010716,1,2,29
1274,010720,1,2,25
1275,010721,1,2,17
1276,010724,1,2,19
1277,010731,1,2,21
1278,010733,0,2,21
1279,010735,1,7,21
1280,010736,0,2,22
1282,010738,1,2,71
1282,010738,1,2,21
1283,010738,0,3,25
1284,010738,1,2,18
1286,010739,0,3,30
1286,010739,0,2,17
1288,010741,1,3,50
1288,010741,1,2,19
1289,010743,0,2,21
1290,010753,1,3,52
1291,010753,0,5,21
1292,010757,0,3,25
1294,010805,0,2,25
1294,010805,0,3,4
1295,010807,0,2,25
1296,010809,0,2,25
1297,010813,0,5,19
1298,010816,1,3,50
1299,010817,0,3,76
1301,010819,1,2,30
1301,010819,1,2,30
1302,010821,0,2,22
1303,010822,1,2,30
1304,010824,0,2,18
1306,010827,0,2,21
1308,010828,0,2,21
1308,010828,0,2,19
1308,010828,0,7,9
1309,010830,1,2,21
1310,010834,0,7,15
1311,010837,0,7,9
1312,010853,1,3,75
1313,010856,1,2,21
1314,010856,1,2,25
1315,010858,1,2,21
1316,010859,1,2,21
1318,010900,1,2,74
1318,010900,0,3,21
1320,010901,0,5,47
1320,010901,0,2,21
1322,010902,0,2,30
1322,010902,0,3,17
1325,010906,0,2,142
1326,010908,0,5,22
1326,010908,0,1,4
1326,010908,0,7,2
1327,010913,1,2,25
1328,010921,1,2,19
1329,010922,1,5,21
1330,010923,0,2,25
1331,010928,1,2,25
1332,010944,1,3,19
1333,010946,0,3,21
1335,010948,0,2,30
1335,010948,0,2,30
1336,010949,1,2,21
1338,010949,0,2,30
1338,010949,0,2,21
1339,010951,0,2,21
1340,010952,1,2,22
1341,010953,1,2,21
1343,010955,0,2,18
1344,010957,1,2,19
1345,010958,0,2,19
1345,010958,0,3,4
1346,011000,0,2,17
1347,011002,0,2,17
1348,011017,1,2,25
1349,011020,1,7,21
1350,011023,0,2,21
1351,011025,1,2,21
1352,011027,1,2,19
1354,011028,0,2,48
1354,011028,1,7,12
1355,011029,0,7,21
1357,011032,0,2,37
1357,011032,0,7,1
1358,011039,1,2,21
1359,011042,0,2,25
1360,011046,1,3,38
1361,011047,1,2,25
1362,011056,1,3,21
1363,011057,1,3,19
1364,011109,0,7,76
1365,011110,0,3,25
1367,011114,1,2,30
1368,011115,1,5,18
1368,011115,1,7,6
1369,011117,1,2,16
1371,011118,0,2,74
1371,011118,0,7,73
1373,011121,1,2,24
1373,011121,1,2,16
1374,011122,1,2,21
1375,011123,1,3,37
1378,011124,1,3,72
1378,011124,1,3,37
1378,011124,0,3,24
1379,011125,0,2,19
1380,011126,1,2,19
1383,011128,0,2,155
1383,011128,0,5,21
1383,011128,0,2,21
1384,011130,1,2,19
1385,011147,0,2,22
1386,011148,0,5,21
1388,011149,0,2,76
1389,011151,1,2,19
1389,011151,0,7,2
1391,011156,0,2,30
1391,011156,0,7,30
1392,011159,1,2,21
1393,011204,0,5,19
1394,011208,0,2,19
1395,011209,1,3,21
1396,011222,0,2,30
1397,011222,0,2,15
1398,011238,1,2,22
1399,011241,1,2,18
1400,011241,1,2,21
1401,011242,0,5,25
1403,011243,0,7,29
1403,011243,0,5,21
1407,011249,0,3,76
1407,011249,0,3,75
1407,011249,0,1,50
1408,011254,1,7,17
1408,011254,1,3,9
1409,011257,1,2,21
1410,011300,1,2,22
1411,011306,0,2,15
1412,011307,1,2,21
1413,011310,0,7,25
1414,011310,0,2,168
1415,011311,1,2,25
1416,011311,1,2,21
1417,011314,1,3,21
1419,011316,1,2,73
1419,011316,1,2,25
1420,011317,0,7,30
1421,011319,0,2,21
1422,011321,0,2,22
1423,011323,0,2,22
1425,011325,0,2,142
1426,011325,1,2,25
1428,011326,0,2,75
1428,011326,0,7,9
1429,011327,0,2,21
1429,011327,0,7,17
1430,011342,1,2,30
1432,011345,0,3,144
1433,011347,0,2,25
1434,011350,1,3,38
1434,011350,1,2,25
1435,011401,0,3,30
1436,011402,1,3,25
1437,011403,0,3,21
1439,011405,1,5,73
1439,011405,1,2,50
1440,011405,0,2,21
1441,011407,0,2,21
1442,011409,0,2,19
1443,011409,0,7,21
1444,011411,0,2,19
1445,011411,1,2,21
1447,011412,1,2,144
1447,011412,1,2,18
1448,011413,1,2,18
1449,011414,1,2,18
1450,011414,1,2,19
1452,011415,0,2,48
1452,011415,0,2,15
1454,011418,0,2,30
1454,011418,0,7,15
1455,011420,1,2,17
1456,011422,1,2,12
1457,011423,1,2,14
1458,011424,0,2,30
1460,011432,0,2,38
1460,011432,0,7,25
1461,011434,1,2,15
1462,011439,1,2,25
1463,011440,1,2,17
1464,011441,1,2,21
1465,011443,1,2,21
1466,011446,1,2,29
1467,011447,0,2,11
1468,011448,0,5,21
1469,011455,0,2,19
1470,011456,1,2,21
1471,011458,1,2,15
1473,011459,0,2,157
1473,011459,0,7,9
1475,011504,1,2,30
1475,011504,1,7,1
1476,011533,1,3,25
1479,011540,0,2,78
1479,011540,0,2,30
1479,011540,1,7,19
1480,011542,0,2,19
1482,011543,1,2,30
1482,011543,1,2,19
1483,011546,1,2,17
1484,011549,0,7,19
1485,011553,1,2,19
1486,011608,1,2,25
1487,011609,1,2,25
1489,011611,0,2,30
1489,011611,0,2,25
1490,011613,0,2,30
1491,011614,0,2,21
1492,011615,0,7,21
1493,011615,0,7,21
1494,011616,0,2,19
1495,011618,0,2,18
1497,011620,1,2,21
1497,011620,1,7,15
1498,011621,0,7,17
1499,011623,0,2,19
1500,011623,0,2,15
1501,011625,0,2,16
1502,011628,1,2,15
1503,011632,1,2,30
1504,011634,1,3,25
1505,011646,1,2,25
1506,011648,0,2,21
1507,011700,1,3,22
1508,011701,1,2,25
1509,011702,1,2,22
1510,011705,1,2,25
1511,011707,1,2,19
1512,011708,1,2,18
1513,011709,1,2,19
1514,011711,1,2,18
1516,011712,1,2,25
1516,011712,1,2,21
1517,011714,0,2,17
1519,011716,1,2,37
1519,011716,1,2,21
1520,011716,1,2,21
1521,011717,1,2,21
1522,011719,0,2,19
1524,011723,1,2,50
1524,011723,0,5,17
1525,011729,0,7,17
1526,011734,0,3,21
1527,011735,0,3,140
1528,011736,0,3,21
1529,011738,1,2,19
1530,011739,1,2,25
1533,011740,1,2,37
1533,011740,1,2,21
1535,011742,0,2,140
1536,011743,0,2,19
1537,011743,0,2,22
1538,011745,0,3,18
1538,011745,0,7,11
1539,011747,0,2,29
1539,011747,0,7,29
1540,011753,0,2,17
1542,011756,1,2,136
1542,011756,1,2,18
1545,011800,0,3,141
1545,011800,0,7,1
1545,011800,0,1,1
1546,011813,0,1,9
1547,011821,1,2,22
1548,011832,1,3,30
1549,011833,0,2,19
1550,011835,1,2,19
1552,011836,0,2,49
1552,011836,0,7,21
1553,011838,1,2,19
1554,011840,1,7,19
1555,011846,0,5,153
1556,011851,1,2,25
1558,011853,1,2,25
1559,011855,1,2,21
1559,011855,1,3,14
1560,011857,1,2,21
1562,011858,1,2,48
1562,011858,1,2,25
1563,011900,1,2,21
1564,011901,1,2,19
1566,011903,0,2,50
1566,011903,0,2,21
1568,011907,1,2,51
1568,011907,1,2,22
1571,011909,0,2,49
1571,011909,0,2,30
1571,011909,0,2,25
1572,011910,0,2,19
1573,011911,1,2,19
1574,011912,1,2,18
1575,011913,0,2,17
1576,011915,0,2,19
1577,011917,1,2,15
1578,011922,0,7,19
1580,011925,0,2,38
1581,011925,0,2,75
1581,011925,1,2,15
1582,011926,0,2,16
1584,011928,0,2,37
1584,011928,0,7,36
1586,011928,0,2,30
1586,011928,0,2,18
1587,011932,0,2,12
1588,011934,1,2,11
1589,011935,0,2,16
1590,011935,1,2,11
1591,011937,0,2,17
1592,011939,1,2,11
1593,011940,0,2,15
1595,011942,1,2,30
1597,011944,1,5,149
1597,011944,1,2,10
1598,011946,0,2,8
1600,011948,0,3,73
1601,011948,0,2,16862
1601,011948,0,2,36
1601,011948,0,2,6
1602,011957,1,3,18
1603,011958,0,3,21
1604,012000,1,3,16
1605,012001,0,2,13
1606,012004,1,2,18
1607,012006,0,2,11
1608,012008,0,3,12
1610,012010,0,7,73
1610,012010,0,2,16
1612,012013,0,2,72
1612,012013,0,2,7
1614,012015,1,2,16
1614,012015,1,2,5
1615,012018,0,2,13
1616,012023,1,7,72
1617,012023,1,7,131
1621,012030,0,2,21
1621,012030,1,1,1
1623,012037,1,3,13
1624,012037,0,7,18
1624,012037,0,3,11
1626,012039,0,2,72
1628,012043,1,2,15
1628,012043,1,2,9
1628,012043,1,5,5
1628,012043,1,3,4
1628,012043,1,7,4
1629,012045,1,2,6
1630,012046,1,5,7
1633,012050,1,2,43636
1635,012050,1,2,73
1635,012050,1,5,11
1637,012052,0,5,47682
1637,012052,0,7,18
1637,012052,0,5,10
1638,012053,1,2,11
1641,012056,1,2,48
1641,012056,1,2,24
1644,012057,1,2,36
1644,012057,0,5,24
1645,012057,1,7,36
1645,012057,0,2,14
1646,012058,0,5,12
1647,012102,0,5,21
1647,012102,0,7,5
1648,012104,0,7,22
1648,012104,0,5,15
1649,012106,1,2,19
1651,012108,1,5,31
1651,012108,1,2,22
1652,012113,1,2,21
1653,012124,0,5,21
1654,012127,0,2,19
1655,012130,0,2,22
1656,012131,0,2,25
1657,012133,1,2,21
1658,012133,1,2,25
1659,012145,0,5,22
1660,012150,0,2,25
1661,012156,1,2,19
1662,012158,1,2,21
1663,012159,0,2,30
1665,012200,0,2,51
1666,012206,1,7,74
1666,012206,1,2,25
1667,012206,0,2,25
1669,012211,0,2,49
1669,012211,0,7,30
1670,012213,1,2,21
1671,012214,1,2,25
1672,012215,1,2,22
1673,012217,1,2,21
1674,012218,1,5,25
1675,012221,1,2,19
1676,012222,1,2,21
1677,012222,1,2,21
1678,012225,1,2,21
1680,012226,0,5,38
1680,012226,0,7,19
1681,012232,1,2,22
1682,012241,1,2,30
1683,012242,0,7,17
1684,012243,0,2,25
1685,012245,0,2,25
1686,012246,1,2,21
1687,012247,1,2,25
1688,012257,1,3,21
1689,012258,0,2,25
1690,012259,0,2,21
1691,012300,0,2,21
1694,012301,0,2,74
1694,012301,0,5,37
1694,012301,0,7,29
1695,012303,0,2,18
1696,012306,1,2,19
1697,012307,0,7,19
1699,012308,1,2,76
1699,012308,1,2,18
1700,012308,0,2,16
1701,012310,1,2,21
1702,012311,1,2,19
1703,012314,0,7,19
1704,012316,0,5,21
1705,012332,1,2,25
1707,012333,0,3,144
1709,012337,0,5,74
1709,012337,1,7,21
1711,012338,0,3,156
1712,012338,0,2,88889
1712,012338,0,2,16
1712,012338,0,7,7
1713,012354,0,5,30
1714,012356,0,5,19
1715,012400,0,5,26
1716,012406,1,5,19
1717,012420,0,2,12
1718,012425,0,7,25
1720,012427,1,2,50
1720,012427,1,2,30
1721,012428,1,2,19
1723,012429,0,2,24
1723,012429,0,7,21
1724,012430,0,2,25
1725,012433,1,2,19
1726,012433,1,2,21
1727,012434,1,7,19
1728,012435,0,2,21
1729,012435,1,3,21
1730,012436,1,2,17
1731,012438,0,2,19
1733,012438,0,7,18
1733,012438,1,2,6
1736,012440,0,2,76
1736,012440,0,5,25
1736,012440,0,7,21
1737,012443,1,2,15
1738,012443,1,2,19
1740,012444,0,5,13
1740,012444,0,7,8
1741,012459,0,3,22
1742,012502,1,3,38
1744,012504,1,2,158
1744,012504,1,2,19
1745,012504,1,2,21
1746,012505,1,2,18
1747,012506,0,2,21
1748,012508,0,2,21
1749,012511,1,2,21
1751,012512,0,2,37
1751,012512,1,2,21
1752,012513,1,2,16
1753,012516,0,7,19
1755,012519,0,2,38
1755,012519,0,2,21
1757,012520,0,2,21
1758,012526,1,2,17
1760,012528,0,2,37
1760,012528,0,2,14
1760,012528,0,7,2
1761,012538,0,2,22
1762,012542,1,2,22
1763,012550,0,3,156
1764,012554,1,2,25
1765,012557,1,2,19
1766,012558,1,3,19
1767,012558,0,2,17
1768,012602,0,7,19
1769,012603,0,3,10
1770,012605,0,2,19
1772,012608,0,7,52
1774,012610,0,2,19
1775,012610,0,7,18
1775,012610,0,7,13
1777,012611,0,2,30
1778,012614,1,5,7310
1779,012614,0,2,24
1779,012614,0,2,21
1780,012615,0,2,15
1781,012617,1,2,25
1783,012617,1,7,12
1783,012617,0,7,1
1783,012617,0,5,1
1784,012631,0,2,21
1786,012633,0,2,50
1787,012635,0,2,19
1789,012636,0,2,74
1789,012636,1,7,1
1789,012636,1,7,1
1791,012648,0,2,38
1791,012648,0,7,6
1792,012650,1,2,21
1793,012651,0,3,25
1794,012653,0,2,19
1795,012655,1,2,22
1796,012656,1,5,25
1797,012656,0,2,25
1798,012703,1,2,22
1800,012707,0,3,42857
1800,012707,0,2,21
1801,012709,0,2,25
1802,012721,0,5,30
1803,012722,1,2,21
1804,012723,0,7,19
1805,012725,0,3,50
1807,012725,0,2,76
1808,012726,0,2,51
1808,012726,0,7,25
1810,012729,0,2,30
1810,012729,0,2,17
1811,012730,1,2,17
1812,012731,1,2,21
1813,012732,0,2,21
1814,012734,0,7,18
1815,012738,1,5,17
1816,012740,0,2,21
1817,012741,0,2,17
1818,012746,1,2,25
1819,012748,0,2,17
1820,012750,1,3,30
1821,012751,1,2,25
1822,012754,1,3,25
1823,012756,1,3,25
1824,012758,0,2,22
1825,012759,0,5,17
1826,012802,0,2,15
1827,012805,1,7,12
1829,012806,0,2,25
1829,012806,0,2,25
1830,012807,0,2,18
1832,012810,0,2,37
1832,012810,0,2,19
1834,012811,1,2,37
1834,012811,1,7,7
1835,012812,1,2,21
1836,012814,0,2,17
1837,012816,1,2,21
1838,012816,1,2,18
1839,012820,1,2,25
1840,012822,0,2,37
1841,012824,1,2,25
1842,012831,1,2,24
1843,012834,0,7,15
1844,012846,1,2,21
1845,012847,1,2,25
1846,012849,0,2,21
1847,012853,1,2,17
1849,012905,0,3,140
1850,012907,1,7,21
1851,012908,1,2,25
1852,012909,1,2,21
1853,012910,0,2,30
1854,012910,0,2,21
1854,012910,0,2,9
1856,012913,0,2,25
1856,012913,0,2,17
1857,012915,1,2,21
1858,012935,0,2,15
1859,012937,0,2,17
1860,012939,1,2,25
1861,012940,0,7,25
1862,012942,0,2,25
1863,012944,1,2,18
1864,013011,1,3,21
1865,013013,1,2,21
1866,013015,0,2,21
1867,013016,1,2,22
1869,013017,1,7,24
1869,013017,1,2,21
1870,013018,1,2,25
1872,013020,0,2,37
1872,013020,0,2,21
1873,013020,0,2,24
1874,013022,1,2,19
1875,013022,1,7,25
1876,013026,0,2,17
1877,013028,1,2,16
1879,013030,1,2,74
1879,013030,0,2,15
1880,013046,0,3,75
1881,013049,1,2,25
1883,013052,1,2,50
1883,013052,1,2,21
1884,013053,0,2,17
1885,013055,0,7,25
1886,013055,0,2,25
1887,013058,1,2,25
1888,013058,1,2,19
1889,013059,1,2,16
1890,013059,1,2,21
1891,013100,1,2,19
1892,013102,1,2,21
1893,013102,1,2,16
1894,013103,1,2,21
1896,013104,1,2,36
1897,013104,0,7,19
1898,013107,0,2,17
1898,013107,0,7,2
1899,013117,0,3,37
1900,013121,1,2,22
1901,013122,1,2,21
1902,013125,1,2,25
1903,013129,1,2,25
1904,013143,0,2,22
1905,013145,1,3,16
1906,013146,0,2,17
1908,013148,1,7,50
1909,013148,0,2,21
1909,013148,0,2,17
1910,013149,0,2,19
1912,013151,0,2,29
1913,013152,0,2,75
1914,013152,0,7,74
1914,013152,0,2,21
1915,013153,1,3,19
1916,013154,1,2,18
1917,013154,0,2,21
1918,013155,0,2,17
1920,013157,0,3,76
1920,013157,0,2,15
1921,013158,1,2,19
1922,013159,1,2,15
1923,013200,1,2,17
1924,013204,1,2,15
1925,013211,0,5,19
1926,013215,1,2,25
1927,013215,1,2,21
1928,013217,1,2,21
1929,013218,0,7,19
1930,013222,0,2,17
1931,013224,0,7,19
1932,013224,0,2,139
1933,013225,0,5,17
1934,013226,0,3,74
1935,013228,0,2,14
1937,013236,1,2,19
1937,013236,1,7,1
1938,013242,1,2,19
1940,013247,0,7,50
1940,013247,0,5,19
1941,013305,0,3,75
1942,013305,0,3,25
1944,013310,1,2,37
1944,013310,1,2,21
1946,013314,0,2,160
1947,013317,1,2,17
1949,013318,0,2,49
1949,013318,0,7,17
1949,013318,0,7,4
1951,013322,0,2,25
1951,013322,0,7,25
1952,013323,0,7,24
1953,013338,1,2,38
1954,013340,1,2,25
1956,013341,0,2,49
1957,013342,0,7,51
1958,013343,0,2,21
1958,013343,0,7,3
1960,013349,1,2,21
1960,013349,1,2,19
1961,013351,1,2,18
1962,013351,1,2,24
1964,013352,0,2,73
1965,013352,0,5,37
1965,013352,0,7,30
1966,013353,1,2,21
1967,013355,0,2,22
1970,013358,0,2,37
1970,013358,0,2,37
1971,013400,0,2,25
1972,013401,1,2,21
1972,013401,1,7,8
1973,013403,0,2,21
1975,013405,0,5,37
1975,013405,0,7,30
1976,013406,0,3,144
1977,013407,1,2,19
1979,013407,1,2,37
1980,013408,1,2,18
1981,013409,1,2,21
1981,013409,0,7,2
1982,013417,0,2,17
1984,013427,0,5,21
1986,013431,0,3,74
1986,013431,1,7,3
1987,013433,1,3,75
1987,013433,1,3,2
1988,013437,1,2,17
1989,013438,1,2,25
1991,013439,0,2,25
1991,013439,0,2,18
1992,013440,0,7,37
1994,013442,1,2,49
1994,013442,1,7,37
1996,013443,0,7,77
1997,013445,0,2,16
1998,013447,1,2,18
1998,013447,1,5,4
1999,013455,0,5,19
2001,013457,1,2,37
2001,013457,0,2,15
2002,013500,0,5,19
2003,013507,0,2,21
2004,013509,1,2,21
2005,013510,1,2,21
2006,013511,1,2,19
2007,013513,0,2,16
2009,013515,1,2,74
2009,013515,1,2,21
2010,013516,1,5,21
2011,013518,0,2,17
2012,013520,1,2,30
2013,013522,1,2,19
2014,013525,1,2,19
2015,013527,1,2,21
2016,013530,1,7,21
2017,013532,0,7,19
2018,013534,0,5,26
2019,013537,0,5,17
2021,013540,0,5,30
2021,013540,0,7,11
2022,013545,1,5,19
2023,013546,0,2,19
2024,013550,0,2,17
2025,013554,0,5,19
2026,013558,0,3,29
2027,013601,1,2,25
2028,013603,1,2,21
2029,013604,1,2,21
2031,013605,0,2,19
2033,013607,0,7,25
2033,013607,0,5,25
2033,013607,0,2,1
2034,013615,0,2,25
2035,013623,1,2,19
2037,013629,1,7,146
2038,013629,1,5,75
2038,013629,0,2,18
2039,013631,0,2,21
2040,013636,1,2,22
2041,013636,0,2,25
2042,013640,0,2,25
2043,013641,1,2,25
2044,013643,1,2,21
2046,013644,0,2,21
2047,013645,0,3,15
2047,013645,0,2,11
2048,013648,1,7,19
2049,013650,0,5,11
2050,013653,0,2,17
2053,013654,0,5,43114
2053,013654,0,7,1487
2053,013654,0,2,17
2054,013656,0,2,15
2056,013657,0,7,74
2056,013657,0,2,37
2057,013709,1,2,22
2059,013711,0,2,159
2059,013711,0,7,75
2060,013713,0,2,25
2061,013716,1,2,22
2063,013725,0,5,162
2063,013725,0,3,52
2064,013728,0,2,21
2065,013730,0,2,18
2066,013730,0,3,51
2067,013732,1,7,17
2069,013734,0,2,141
2069,013734,0,2,21
2070,013735,0,2,19
2071,013735,0,2,24
2073,013737,1,2,21
2073,013737,1,2,18
2074,013740,1,2,17
2075,013742,1,7,21
2076,013745,0,2,13
2078,013747,0,2,140
2078,013747,0,7,1
2080,013803,1,2,72
2080,013803,1,2,25
2082,013805,0,2,75
2082,013805,0,2,25
2083,013807,0,2,21
2084,013808,1,2,16
2085,013809,1,2,21
2086,013813,1,2,15
2087,013814,1,2,25
2088,013815,1,2,21
2090,013816,1,2,25
2090,013816,1,7,8
2091,013818,0,3,51
2092,013826,0,7,22
2093,013828,1,2,25
2094,013832,0,3,77
2095,013837,1,5,17
2096,013843,0,7,21
2097,013844,0,5,50
2098,013846,1,2,21
2099,013854,1,2,25
2100,013856,1,2,25
2101,013856,1,2,30
2102,013858,0,2,22
2104,013903,0,2,50
2104,013903,0,5,37
2105,013906,1,2,17
2106,013906,1,2,16
2108,013908,1,2,49
2108,013908,1,2,17
2109,013910,1,2,18
2110,013910,0,3,150
2111,013912,1,2,16
2112,013919,1,2,21
2115,013925,0,5,38
2115,013925,0,2,25
2115,013925,0,7,14
2116,013926,1,2,17
2118,013934,0,2,145
2118,013934,0,2,19
2119,013935,1,2,21
2120,013936,0,2,19
2121,013938,0,2,21
2122,013940,0,2,21
2123,013942,0,2,22
2125,013943,0,2,148
2126,013944,0,7,25
2127,013944,0,2,140
2129,013945,0,2,75
2129,013945,1,2,18
2129,013945,0,7,7
2130,013947,0,2,21
2131,013949,1,2,22
2132,013950,1,2,16
2133,013951,0,2,17
2134,013953,1,2,21
2135,013953,1,2,21
2136,013955,1,2,22
2137,014000,0,2,21
2138,014021,1,2,22
2139,014027,1,2,21
2140,014029,0,7,25
2142,014033,0,7,31
2143,014033,0,7,76
2143,014033,1,7,25
2144,014034,1,2,21
2145,014036,0,2,19
2146,014038,0,2,19
2147,014039,1,2,21
2148,014039,0,2,21
2149,014043,1,2,22
2150,014045,1,2,19
2151,014047,1,7,15
2152,014058,1,3,21
2153,014101,0,2,25
2154,014102,0,2,21
2155,014108,1,2,17
2156,014109,1,2,17
2157,014110,1,2,19
2160,014115,0,2,25
2160,014115,0,5,22
2162,014117,1,2,49
2162,014117,1,7,38
2164,014118,0,2,75
2164,014118,0,5,31
2166,014121,0,7,29
2166,014121,0,7,29
2166,014121,0,5,19
2167,014123,0,2,22
2168,014126,1,2,17
2169,014153,0,7,19
2170,014154,0,3,137
2171,014155,0,3,75
2172,014156,0,2,30
2173,014157,0,2,16
2174,014158,0,2,16
2175,014200,1,2,17
2176,014201,1,2,17
2177,014203,0,2,19
2179,014206,0,2,160
2179,014206,0,5,15
2182,014209,1,7,48
2182,014209,1,5,37
2182,014209,1,2,19
2183,014210,1,2,19
2184,014219,1,2,19
2185,014219,0,2,19
2186,014221,0,7,21
2187,014223,0,5,17
2189,014225,0,2,21
2189,014225,0,2,17
2190,014225,0,2,19
2191,014229,0,7,25
2192,014232,0,2,19
2193,014233,1,2,21
2194,014234,0,2,17
2195,014235,0,2,19
2196,014238,0,5,25
2197,014240,1,2,19
2198,014241,0,7,18
2199,014242,1,3,18
2201,014243,0,2,49
2201,014243,0,5,49
2202,014245,0,2,21
2203,014247,1,2,19
2204,014249,1,2,21
2205,014251,1,2,21
2206,014251,1,2,21
2207,014258,0,2,30
2208,014300,1,2,25
2209,014304,1,2,30
2210,014307,0,2,15
2211,014312,1,2,19
2212,014322,1,2,17
2214,014325,0,2,21
2214,014325,0,2,16
2215,014327,0,2,21
2216,014327,0,5,25
2217,014329,0,5,25
2218,014331,0,7,14
2219,014332,0,2,10
2221,014336,0,2,15
2221,014336,0,7,11
2222,014345,1,3,19
2223,014348,1,2,21
2224,014348,1,2,15
2225,014350,1,2,19
2227,014352,0,2,16
2228,014353,1,2,22
2229,014356,1,2,19
2229,014356,1,3,6
2230,014358,1,2,22
2231,014400,0,2,19
2232,014401,1,2,21
2233,014403,0,2,25
2235,014407,1,2,25
2235,014407,0,7,1
2236,014414,1,5,21
2237,014415,1,2,21
2238,014419,0,7,19
2239,014433,0,5,19
2240,014438,1,7,22
2242,014439,0,2,36
2242,014439,0,7,8
2243,014443,1,2,25
2244,014446,1,2,26
2245,014451,0,2,19
2246,014452,0,5,17
2247,014453,1,2,22
2249,014454,0,2,75
2249,014454,0,5,16
2250,014456,1,2,16
2251,014456,0,2,16
2252,014458,1,2,19
2253,014459,0,2,17
2254,014501,0,2,16
2255,014506,0,7,12
2256,014508,1,2,11
2257,014512,1,2,11
2258,014517,0,1,2
2259,014522,0,3,19
2260,014523,0,2,25
2261,014524,1,2,18
2262,014525,1,2,21
2263,014526,1,2,18
2264,014528,0,2,18
2266,014530,0,2,50
2266,014530,0,7,50
2267,014532,0,2,19
2269,014533,0,2,19
2270,014533,1,2,146
2270,014533,1,2,18
2271,014534,1,2,18
2272,014535,1,2,15
2275,014538,0,5,155
2276,014538,0,2,19
2276,014538,0,2,19
2276,014538,1,7,3
2278,014540,1,7,37
2279,014541,0,2,21
2280,014543,0,2,19
2281,014546,0,2,29
2281,014546,0,3,24
2282,014554,1,2,24
2284,014556,0,2,143
2284,014556,1,2,15
2285,014557,0,2,18
2286,014602,1,2,19
2287,014616,0,5,18
2288,014620,1,2,13
2289,014622,1,2,18
2290,014622,1,2,13
2292,014624,1,2,18
2293,014624,0,2,50
2294,014625,1,2,49
2297,014626,0,2,24
2297,014626,1,2,18
2297,014626,1,3,16
2298,014627,0,3,16
2300,014628,0,2,137
2300,014628,1,7,36
2302,014629,0,3,71
2302,014629,0,2,11
2302,014629,0,3,3
2304,014635,0,7,152
2304,014635,0,2,149
2306,014636,1,3,12
2307,014639,0,2,21
2308,014643,1,2,21
2309,014646,1,2,18
2310,014649,1,3,36
2311,014650,1,2,18
2312,014653,1,3,19
2312,014653,0,2,7
2314,014655,0,5,74
2314,014655,0,2,16
2317,014657,0,2,16
2317,014657,0,2,16
2317,014657,0,7,9
2318,014658,0,2,18
2321,014700,1,2,24
2322,014702,1,2,18
2323,014703,0,2,16
2324,014704,0,2,15
2325,014705,0,7,8
2326,014708,1,2,15
2326,014708,1,2,6
2328,014710,0,7,135
2328,014710,0,2,134
2329,014712,1,7,37
2330,014712,1,2,15
2330,014712,1,2,11
2331,014715,1,2,10
2332,014716,1,2,13
2333,014717,1,2,16
2335,014718,0,2,29
2335,014718,1,7,18
2336,014720,1,2,15
2337,014720,1,2,15
2338,014721,0,2,19
2339,014726,1,2,19
2340,014747,1,5,17
2341,014747,1,2,21
2343,014749,0,2,74
2343,014749,0,7,18
2344,014750,1,2,13
2346,014751,0,2,37
2346,014751,0,2,21
2347,014754,0,2,16
2348,014755,1,2,15
2349,014756,1,2,13
2350,014756,1,2,18
2351,014758,1,3,15
2352,014759,1,2,18
2353,014759,0,2,13
2355,014804,1,2,18
2356,014806,0,2,12
2356,014806,0,3,3
2357,014822,1,2,19
2359,014824,0,2,16
2359,014824,0,2,14
2360,014827,1,2,15
2361,014831,0,2,10
2362,014834,1,2,9
2363,014835,1,2,7
2364,014837,1,2,7
2365,014839,0,2,4
2366,014841,1,2,3
2368,014854,1,2,9
2369,014855,1,2,145
2369,014855,1,5,9
2370,014856,1,2,4
2373,014858,0,7,12
2373,014858,0,2,12
2376,014901,0,2,11
2376,014901,0,7,8
2378,014902,0,7,21
2379,014904,1,2,11
2379,014904,1,5,11
2381,014906,0,2,12
2381,014906,0,7,10
2381,014906,0,2,9
2381,014906,0,7,5
2384,014909,0,5,24161
2384,014909,0,7,16
2384,014909,0,2,9
2385,014918,0,5,15
2386,014919,1,3,21
2387,014920,0,2,16
2388,014920,0,2,15
2389,014927,1,2,19
2390,014935,0,2,14
2392,014942,0,7,37
2392,014942,1,5,3
2394,014945,0,3,158
2395,014947,1,2,25
2396,014948,1,2,25
2396,014948,1,3,17
2397,014952,1,2,17
2400,014954,0,2,37
2400,014954,0,2,21
2400,014954,0,5,21
2401,014955,1,2,19
2402,015044,1,2,25
2403,015046,1,2,21
2404,015046,1,2,19
2405,015049,0,2,17
2406,015051,1,2,19
2407,015052,1,2,21
2408,015103,1,2,30
2409,015104,0,5,19
2410,015106,1,2,21
2411,015106,0,5,17
2412,015109,1,2,19
2413,015110,1,2,19
2414,015111,0,5,16
2416,015112,0,2,150
2417,015112,0,5,21
2417,015112,0,7,16
2418,015113,0,2,21
2419,015115,0,2,22
2420,015117,1,2,19
2421,015118,1,2,19
2422,015120,1,2,22
2423,015124,1,2,22
2424,015125,0,2,30
2425,015126,0,2,21
2426,015127,0,3,37
2429,015129,0,5,74
2429,015129,0,2,30
2430,015131,0,2,21
2431,015133,1,2,21
2431,015133,1,3,9
2432,015135,0,5,25
2434,015137,0,7,161
2435,015137,0,5,25
2437,015141,0,2,30
2437,015141,0,2,19
2438,015143,1,2,17
2438,015143,1,2,15
2439,015144,1,2,17
2440,015145,0,2,14
2441,015147,1,2,17
2442,015148,0,2,21
2443,015148,0,2,15
2444,015150,1,2,17
2445,015151,0,2,16
2446,015152,0,2,19
2447,015154,0,2,16
2449,015157,0,5,38
2450,015159,0,5,17
2451,015200,0,2,17
2451,015200,0,7,4
2452,015210,1,5,22
2453,015214,0,2,21
2454,015215,1,2,22
2456,015216,1,5,38
2456,015216,1,2,25
2458,015219,1,2,51
2458,015219,1,2,19
2459,015222,1,5,19
2460,015223,1,2,18
2461,015225,1,2,21
2462,015225,0,2,21
2463,015229,1,7,17
2464,015230,1,7,14
2465,015232,0,2,15
2466,015232,0,2,12
2468,015237,0,2,14
2469,015238,1,2,21
2470,015239,1,2,21
2470,015239,1,7,8
2472,015242,1,2,15
2476,015243,0,2,38
2476,015243,0,2,25
2476,015243,0,2,25
2477,015245,0,2,15
2478,015246,0,7,30
2478,015246,0,3,21
2478,015246,0,2,13
2479,015248,1,2,19
2480,015248,0,7,19
2481,015250,0,2,19
2482,015253,1,7,17
2484,015257,0,2,15
2485,015258,1,3,150
2485,015258,1,2,17
2486,015309,1,2,30
2487,015321,1,2,21
2488,015323,1,2,25
2490,015329,0,5,30
2490,015329,0,7,15
2491,015340,1,5,18
2492,015344,0,2,17
2493,015346,0,3,30
2494,015347,0,2,17
2496,015350,1,2,21
2496,015350,1,5,16
2498,015351,0,2,168
2498,015351,0,7,15
2499,015354,0,2,15
2502,015356,0,2,75
2502,015356,0,2,14
2502,015356,0,7,11
2503,015358,0,2,16
2505,015400,1,2,16
2505,015400,1,2,15
2506,015400,0,2,17
2508,015409,0,5,22
2508,015409,0,7,7
2509,015419,1,2,19
2510,015424,1,2,19
2511,015425,1,2,21
2512,015427,1,2,17
2513,015429,1,2,21
2514,015434,0,2,17
2515,015434,1,5,14
2516,015436,1,2,14
2518,015437,0,2,12
2518,015437,0,7,12
2519,015439,1,2,9
2520,015440,0,2,15
2522,015442,0,7,21
2522,015442,0,5,19
2524,015445,1,2,159
2524,015445,1,3,13
2525,015446,1,2,13
2527,015448,0,2,73
2527,015448,1,2,11
2528,015450,1,2,12
2529,015451,1,2,70
